1 0.2505208333 0.3981481481 0.05729166667 0.06296296296
1 0.20625 0.5194444444 0.0625 0.0537037037
1 0.25 0.487037037 0.04375 0.04814814815
1 0.3354166667 0.6277777778 0.0375 0.02962962963
1 0.2703125 0.6481481481 0.07604166667 0.05925925926
1 0.2713541667 0.4453703704 0.071875 0.0537037037
1 0.2411458333 0.6361111111 0.05520833333 0.05740740741
1 0.4192708333 0.5601851852 0.05729166667 0.07592592593
1 0.3166666667 0.762037037 0.04583333333 0.03518518519
5 0.6041666667 0.9527777778 0.08333333333 0.09074074074
1 0.4447916667 0.2509259259 0.075 0.07222222222
1 0.3229166667 0.2574074074 0.04791666667 0.04814814815
1 0.3442708333 0.5416666667 0.08020833333 0.05
1 0.4072916667 0.3175925926 0.07083333333 0.0462962963
1 0.4229166667 0.5898148148 0.06666666667 0.07592592593
1 0.2526041667 0.6787037037 0.04895833333 0.0462962963
1 0.4489583333 0.4222222222 0.06875 0.07777777778
1 0.3088541667 0.6898148148 0.040625 0.03888888889
1 0.2880208333 0.5555555556 0.04270833333 0.04814814815
