5 0.4526041667 0.9333333333 0.07395833333 0.1074074074
3 0.6463541667 0.812962963 0.04479166667 0.05555555556
1 0.02708333333 0.7231481481 0.05416666667 0.02777777778
1 0.06614583333 0.7685185185 0.053125 0.02592592593
1 0.03854166667 0.7018518519 0.06041666667 0.02592592593
1 0.0640625 0.6185185185 0.065625 0.06666666667
1 0.01822916667 0.8203703704 0.03645833333 0.03333333333
1 0.03020833333 0.8814814815 0.06041666667 0.04444444444
1 0.0328125 0.5685185185 0.021875 0.04074074074
1 0.01510416667 0.8037037037 0.03020833333 0.03333333333
