1 0.4317708333 0.7305555556 0.09479166667 0.1685185185
1 0.2421875 0.6990740741 0.090625 0.1907407407
1 0.4947916667 0.7953703704 0.09375 0.1055555556
1 0.328125 0.6333333333 0.09791666667 0.1407407407
1 0.2723958333 0.7583333333 0.096875 0.1203703704
1 0.2041666667 0.887962963 0.03958333333 0.06851851852
1 0.3838541667 0.6712962963 0.103125 0.1092592593
1 0.2760416667 0.8092592593 0.1416666667 0.1592592593
1 0.2567708333 0.9453703704 0.08854166667 0.1055555556
1 0.35 0.95 0.08958333333 0.0962962963
1 0.2338541667 0.8490740741 0.03854166667 0.07222222222
1 0.2442708333 0.6361111111 0.1072916667 0.1240740741
1 0.471875 0.9333333333 0.08958333333 0.1222222222
1 0.3463541667 0.8953703704 0.078125 0.112962963
1 0.4473958333 0.9759259259 0.05729166667 0.04444444444
1 0.3067708333 0.8027777778 0.078125 0.1240740741
