1 0.2322916667 0.4277777778 0.05625 0.06666666667
1 0.1963541667 0.5314814815 0.059375 0.07037037037
1 0.2395833333 0.5138888889 0.04583333333 0.03888888889
1 0.3375 0.6388888889 0.05416666667 0.02592592593
1 0.2692708333 0.6453703704 0.046875 0.08333333333
1 0.2536458333 0.462037037 0.07395833333 0.0537037037
1 0.2354166667 0.6472222222 0.05208333333 0.05740740741
1 0.4036458333 0.5962962963 0.065625 0.07407407407
1 0.2947916667 0.787962963 0.05416666667 0.03888888889
5 0.6041666667 0.9527777778 0.08333333333 0.09074074074
1 0.4395833333 0.2842592593 0.075 0.06481481481
1 0.3140625 0.2935185185 0.053125 0.0537037037
1 0.3291666667 0.5694444444 0.07083333333 0.03888888889
1 0.39375 0.3231481481 0.07291666667 0.0462962963
1 0.396875 0.6203703704 0.06666666667 0.07777777778
1 0.2510416667 0.687037037 0.05833333333 0.05925925926
1 0.44375 0.4259259259 0.07083333333 0.08148148148
1 0.303125 0.7046296296 0.04583333333 0.03888888889
1 0.2833333333 0.5907407407 0.04583333333 0.03333333333
