5 0.4526041667 0.9333333333 0.07395833333 0.1074074074
3 0.6463541667 0.8111111111 0.04479166667 0.05555555556
1 0.01770833333 0.7314814815 0.03541666667 0.02592592593
1 0.0546875 0.7712962963 0.06145833333 0.03148148148
1 0.0265625 0.6972222222 0.053125 0.03148148148
1 0.06822916667 0.5935185185 0.06979166667 0.0537037037
1 0.01927083333 0.8083333333 0.03854166667 0.03148148148
1 0.03020833333 0.8518518519 0.06041666667 0.03333333333
1 0.05833333333 0.5416666667 0.05625 0.06481481481
1 0.0125 0.7685185185 0.025 0.02592592593
1 0.02135416667 0.3861111111 0.02395833333 0.1018518519
