5 0.4515625 0.9351851852 0.07395833333 0.1074074074
3 0.6427083333 0.8231481481 0.03958333333 0.05
1 0.1098958333 0.7583333333 0.05520833333 0.03888888889
1 0.1192708333 0.8564814815 0.06354166667 0.04259259259
1 0.05833333333 0.7787037037 0.06666666667 0.05
1 0.0421875 0.7972222222 0.046875 0.03518518519
1 0.0421875 0.737962963 0.065625 0.06851851852
1 0.04895833333 0.9509259259 0.05625 0.04259259259
1 0.03125 0.887037037 0.0625 0.04074074074
1 0.01302083333 0.9324074074 0.02604166667 0.02777777778
