5 0.471875 0.8925925926 0.04583333333 0.08518518519
1 0.7552083333 0.7157407407 0.06666666667 0.07962962963
1 0.6354166667 0.7851851852 0.06041666667 0.09259259259
3 0.5526041667 0.9398148148 0.03854166667 0.06481481481
1 0.6375 0.8490740741 0.06041666667 0.1796296296
1 0.7411458333 0.8277777778 0.05729166667 0.1555555556
1 0.8333333333 0.8611111111 0.025 0.07037037037
1 0.5890625 0.9722222222 0.03645833333 0.05185185185
1 0.6619791667 0.85 0.028125 0.0962962963
1 0.6786458333 0.8490740741 0.06145833333 0.07962962963
1 0.7875 0.812037037 0.05208333333 0.05
1 0.8036458333 0.7212962963 0.05104166667 0.05
1 0.6432291667 0.95 0.06145833333 0.06296296296
