1 0.3536458333 0.2712962963 0.07395833333 0.03518518519
1 0.3583333333 0.2861111111 0.06666666667 0.0537037037
1 0.3442708333 0.4398148148 0.065625 0.03148148148
1 0.3546875 0.4981481481 0.065625 0.04444444444
1 0.3703125 0.5435185185 0.06770833333 0.0537037037
1 0.4005208333 0.3148148148 0.071875 0.03333333333
1 0.325 0.4018518519 0.06875 0.07407407407
1 0.3802083333 0.562962963 0.04791666667 0.04814814815
1 0.4661458333 0.5231481481 0.053125 0.03888888889
5 0.6041666667 0.9527777778 0.08333333333 0.09074074074
1 0.5385416667 0.2611111111 0.07083333333 0.03333333333
1 0.4729166667 0.1972222222 0.05833333333 0.02037037037
1 0.4526041667 0.45 0.06145833333 0.04074074074
1 0.5552083333 0.3092592593 0.05625 0.02962962963
1 0.5104166667 0.4648148148 0.05 0.04444444444
1 0.3864583333 0.5990740741 0.06458333333 0.04259259259
1 0.5010416667 0.3592592593 0.07083333333 0.05925925926
1 0.421875 0.4462962963 0.04583333333 0.02962962963
1 0.4416666667 0.5194444444 0.05 0.03148148148
1 0.4260416667 0.4907407407 0.05208333333 0.02962962963
