5 0.471875 0.8925925926 0.04583333333 0.08518518519
1 0.7567708333 0.7259259259 0.053125 0.05925925926
1 0.6744791667 0.7407407407 0.03854166667 0.05925925926
1 0.5682291667 0.9296296296 0.071875 0.137037037
1 0.7052083333 0.9231481481 0.07708333333 0.1277777778
1 0.8359375 0.9018518519 0.03020833333 0.08518518519
1 0.7869791667 0.9564814815 0.04270833333 0.08333333333
1 0.5885416667 0.9787037037 0.04791666667 0.03888888889
1 0.7708333333 0.8916666667 0.01875 0.1166666667
1 0.8333333333 0.762037037 0.075 0.06851851852
