5 0.471875 0.8925925926 0.04583333333 0.08518518519
1 0.7552083333 0.7148148148 0.06875 0.07037037037
1 0.6364583333 0.7898148148 0.05416666667 0.09074074074
3 0.5546875 0.9407407407 0.040625 0.06666666667
1 0.6473958333 0.8453703704 0.046875 0.1685185185
1 0.7479166667 0.8324074074 0.05625 0.15
1 0.8333333333 0.8611111111 0.025 0.07037037037
1 0.5885416667 0.9814814815 0.03125 0.03333333333
1 0.6703125 0.862962963 0.028125 0.09259259259
1 0.6802083333 0.8694444444 0.05625 0.07962962963
1 0.7942708333 0.7324074074 0.06145833333 0.06481481481
1 0.6484375 0.9638888889 0.06354166667 0.06851851852
