5 0.4526041667 0.937962963 0.07395833333 0.1055555556
3 0.6427083333 0.8 0.0375 0.04814814815
1 0.01770833333 0.7703703704 0.03541666667 0.02222222222
1 0.03020833333 0.7157407407 0.05833333333 0.03518518519
1 0.02552083333 0.6166666667 0.05104166667 0.03703703704
1 0.02760416667 0.8722222222 0.05520833333 0.03333333333
1 0.03645833333 0.9787037037 0.07291666667 0.03888888889
1 0.03645833333 0.6759259259 0.06666666667 0.03333333333
1 0.040625 0.8305555556 0.08125 0.0462962963
1 0.0171875 0.5425925926 0.034375 0.03703703704
