1 0.3291666667 0.2564814815 0.05 0.04259259259
1 0.3354166667 0.2944444444 0.05833333333 0.06666666667
1 0.3442708333 0.5018518519 0.065625 0.04444444444
1 0.3625 0.5490740741 0.06875 0.05740740741
1 0.3854166667 0.3046296296 0.07291666667 0.04259259259
1 0.3052083333 0.412037037 0.06458333333 0.06851851852
1 0.3802083333 0.5712962963 0.04791666667 0.03888888889
1 0.4453125 0.5490740741 0.053125 0.06481481481
5 0.6041666667 0.9527777778 0.08333333333 0.09074074074
1 0.5260416667 0.2601851852 0.07291666667 0.04259259259
1 0.4598958333 0.1953703704 0.05729166667 0.02407407407
1 0.4369791667 0.4555555556 0.071875 0.04814814815
1 0.5458333333 0.3074074074 0.07291666667 0.02962962963
1 0.5036458333 0.475 0.053125 0.05
1 0.3755208333 0.6027777778 0.071875 0.04259259259
1 0.48125 0.3768518519 0.07083333333 0.08703703704
1 0.4078125 0.4490740741 0.05520833333 0.02407407407
1 0.4255208333 0.537962963 0.05104166667 0.0462962963
1 0.4114583333 0.4953703704 0.06041666667 0.03148148148
