5 0.4526041667 0.937037037 0.07395833333 0.1074074074
3 0.6416666667 0.8 0.0375 0.04814814815
1 0.01979166667 0.7537037037 0.03958333333 0.02962962963
1 0.03854166667 0.7083333333 0.0625 0.03888888889
1 0.03125 0.6259259259 0.0625 0.05185185185
1 0.0296875 0.8611111111 0.059375 0.03703703704
1 0.04479166667 0.9592592593 0.08541666667 0.04814814815
1 0.03072916667 0.6592592593 0.06145833333 0.02962962963
1 0.06197916667 0.8296296296 0.08020833333 0.05185185185
1 0.02239583333 0.5212962963 0.04479166667 0.0462962963
