1 0.5453125 0.262962963 0.05104166667 0.04814814815
1 0.5057291667 0.3555555556 0.053125 0.04444444444
1 0.5192708333 0.3888888889 0.03645833333 0.02962962963
1 0.546875 0.4333333333 0.04791666667 0.02592592593
1 0.5541666667 0.3944444444 0.04583333333 0.04444444444
1 0.5625 0.2981481481 0.04166666667 0.02962962963
1 0.5135416667 0.3611111111 0.05208333333 0.02962962963
1 0.5338541667 0.4981481481 0.04895833333 0.02962962963
1 0.578125 0.3990740741 0.03958333333 0.03148148148
1 0.546875 0.4092592593 0.03541666667 0.02222222222
5 0.6041666667 0.9527777778 0.08333333333 0.09074074074
1 0.6270833333 0.2185185185 0.0375 0.03703703704
1 0.565625 0.187962963 0.01875 0.02407407407
1 0.5973958333 0.3324074074 0.04479166667 0.02777777778
1 0.6755208333 0.2796296296 0.04479166667 0.04444444444
1 0.6817708333 0.3694444444 0.03020833333 0.02777777778
1 0.5901041667 0.4407407407 0.01979166667 0.02592592593
