1 0.08333333333 0.4935185185 0.025 0.02407407407
1 0.09479166667 0.8305555556 0.04583333333 0.02777777778
5 0.4651041667 0.9185185185 0.06145833333 0.1259259259
3 0.6010416667 0.9092592593 0.04166666667 0.05555555556
1 0.03125 0.9416666667 0.0375 0.02777777778
1 0.06666666667 0.8194444444 0.025 0.02407407407
1 0.0203125 0.7305555556 0.01979166667 0.02407407407
1 0.009375 0.6185185185 0.01875 0.02222222222
1 0.1505208333 0.7518518519 0.03229166667 0.02222222222
1 0.0984375 0.6722222222 0.04895833333 0.02592592593
1 0.08489583333 0.6231481481 0.028125 0.02037037037
1 0.04270833333 0.8 0.02916666667 0.01851851852
