5 0.471875 0.8925925926 0.04583333333 0.08518518519
1 0.7505208333 0.7046296296 0.065625 0.08703703704
1 0.6625 0.7490740741 0.0625 0.1240740741
1 0.5848958333 0.8972222222 0.090625 0.1759259259
1 0.7130208333 0.8888888889 0.08229166667 0.1148148148
1 0.8348958333 0.8685185185 0.02604166667 0.09259259259
1 0.8083333333 0.8898148148 0.02708333333 0.09814814815
1 0.5875 0.9675925926 0.06041666667 0.06111111111
1 0.5776041667 0.912962963 0.01770833333 0.1407407407
1 0.7255208333 0.8101851852 0.08645833333 0.05
1 0.6942708333 0.9759259259 0.040625 0.04444444444
1 0.8302083333 0.7398148148 0.07083333333 0.05740740741
