5 0.4526041667 0.9333333333 0.07395833333 0.1074074074
3 0.6463541667 0.812962963 0.04479166667 0.05555555556
1 0.04166666667 0.712037037 0.0625 0.02777777778
1 0.06822916667 0.7712962963 0.053125 0.03148148148
1 0.04947916667 0.725 0.065625 0.03888888889
1 0.0671875 0.6277777778 0.071875 0.05925925926
1 0.01770833333 0.8287037037 0.03541666667 0.03148148148
1 0.03177083333 0.8935185185 0.06354166667 0.04259259259
1 0.02864583333 0.6055555556 0.04270833333 0.08888888889
1 0.01458333333 0.812037037 0.02916666667 0.02037037037
