1 0.5510416667 0.2361111111 0.04791666667 0.04259259259
1 0.5317708333 0.3138888889 0.059375 0.06111111111
1 0.521875 0.3777777778 0.03333333333 0.03333333333
1 0.54375 0.4324074074 0.05 0.03148148148
1 0.5713541667 0.3814814815 0.03854166667 0.03333333333
1 0.5661458333 0.3064814815 0.03854166667 0.03148148148
1 0.5427083333 0.3453703704 0.04583333333 0.03148148148
1 0.553125 0.4805555556 0.04375 0.02407407407
1 0.5895833333 0.4064814815 0.03333333333 0.02407407407
1 0.6109375 0.4712962963 0.04270833333 0.02777777778
1 0.596875 0.4277777778 0.03541666667 0.02222222222
5 0.6026041667 0.9527777778 0.08020833333 0.09074074074
1 0.6442708333 0.2398148148 0.02604166667 0.02407407407
1 0.60625 0.112037037 0.03958333333 0.03148148148
1 0.6302083333 0.3435185185 0.03333333333 0.03148148148
1 0.6994791667 0.3796296296 0.028125 0.02592592593
