1 0.4046875 0.2814814815 0.07604166667 0.04074074074
1 0.384375 0.3064814815 0.06458333333 0.02407407407
1 0.3796875 0.4425925926 0.05520833333 0.03333333333
1 0.4072916667 0.4824074074 0.06458333333 0.05740740741
1 0.4432291667 0.3009259259 0.06770833333 0.03518518519
1 0.3666666667 0.3990740741 0.06666666667 0.0462962963
1 0.3953125 0.5185185185 0.034375 0.03703703704
1 0.4973958333 0.5148148148 0.059375 0.02962962963
5 0.6041666667 0.9527777778 0.08333333333 0.09074074074
1 0.5796875 0.2796296296 0.071875 0.02962962963
1 0.5338541667 0.1925925926 0.06354166667 0.02592592593
1 0.4838541667 0.4092592593 0.06145833333 0.04814814815
1 0.5984375 0.325 0.065625 0.03148148148
1 0.5447916667 0.437037037 0.04583333333 0.04444444444
1 0.421875 0.5601851852 0.06458333333 0.06111111111
1 0.5453125 0.3435185185 0.06979166667 0.0462962963
1 0.4838541667 0.4740740741 0.05104166667 0.03703703704
1 0.4578125 0.4537037037 0.053125 0.03703703704
