1 0.41875 0.7518518519 0.06666666667 0.09259259259
1 0.484375 0.6175925926 0.06458333333 0.1574074074
1 0.4052083333 0.5907407407 0.09375 0.1814814815
1 0.2036458333 0.5546296296 0.1135416667 0.1685185185
1 0.4854166667 0.6787037037 0.08333333333 0.1648148148
1 0.3515625 0.45 0.1114583333 0.137037037
1 0.1864583333 0.7055555556 0.10625 0.1259259259
1 0.2854166667 0.7138888889 0.09166666667 0.1351851852
1 0.14375 0.7851851852 0.1083333333 0.1444444444
1 0.3427083333 0.7046296296 0.07291666667 0.07962962963
1 0.2796875 0.8148148148 0.1135416667 0.2296296296
1 0.2171875 0.85 0.09270833333 0.1851851852
1 0.2838541667 0.9055555556 0.103125 0.1407407407
1 0.3973958333 0.912962963 0.090625 0.0962962963
1 0.2432291667 0.5564814815 0.1052083333 0.1055555556
1 0.4161458333 0.9583333333 0.103125 0.07962962963
