1 0.4526041667 0.2657407407 0.071875 0.0462962963
1 0.4104166667 0.3064814815 0.06041666667 0.02777777778
1 0.4208333333 0.4203703704 0.05208333333 0.03703703704
1 0.4489583333 0.4277777778 0.07083333333 0.05555555556
1 0.4515625 0.4268518519 0.065625 0.0462962963
1 0.4755208333 0.2962962963 0.06979166667 0.02962962963
1 0.4166666667 0.3740740741 0.06666666667 0.05185185185
1 0.4161458333 0.5055555556 0.04479166667 0.03333333333
1 0.5244791667 0.5240740741 0.05520833333 0.02962962963
1 0.4390625 0.4657407407 0.04479166667 0.02777777778
5 0.6041666667 0.9527777778 0.08333333333 0.09074074074
1 0.6286458333 0.2675925926 0.06770833333 0.03888888889
1 0.5458333333 0.2212962963 0.06458333333 0.02777777778
1 0.5109375 0.3990740741 0.06145833333 0.03888888889
1 0.6286458333 0.3314814815 0.04479166667 0.04444444444
1 0.5817708333 0.4435185185 0.034375 0.04259259259
1 0.446875 0.525 0.05833333333 0.06851851852
1 0.5838541667 0.3703703704 0.040625 0.03703703704
1 0.5338541667 0.4527777778 0.05520833333 0.03518518519
1 0.4822916667 0.4462962963 0.05416666667 0.04074074074
