5 0.4526041667 0.9333333333 0.07395833333 0.1074074074
3 0.6473958333 0.8074074074 0.04479166667 0.05555555556
1 0.01614583333 0.7324074074 0.03229166667 0.02407407407
1 0.05 0.7731481481 0.06041666667 0.03148148148
1 0.02291666667 0.7009259259 0.04583333333 0.03148148148
1 0.06197916667 0.5824074074 0.071875 0.05
1 0.0203125 0.8064814815 0.040625 0.03148148148
1 0.025 0.8601851852 0.05 0.03888888889
1 0.0546875 0.5240740741 0.06354166667 0.04074074074
1 0.01145833333 0.7601851852 0.02291666667 0.02777777778
1 0.03020833333 0.3694444444 0.02708333333 0.112962963
