1 0.09375 0.8222222222 0.04583333333 0.02962962963
5 0.4651041667 0.9185185185 0.06145833333 0.1259259259
3 0.6010416667 0.9092592593 0.04166666667 0.05555555556
1 0.02395833333 0.9231481481 0.0375 0.02777777778
1 0.05885416667 0.8222222222 0.028125 0.02592592593
1 0.006770833333 0.7212962963 0.01354166667 0.02037037037
1 0.1411458333 0.7444444444 0.034375 0.02222222222
1 0.0859375 0.6537037037 0.04895833333 0.02592592593
1 0.0703125 0.6101851852 0.028125 0.02037037037
1 0.034375 0.7796296296 0.03125 0.02222222222
