1 0.4260416667 0.7555555556 0.06875 0.1
1 0.4911458333 0.6518518519 0.065625 0.1111111111
1 0.4208333333 0.6083333333 0.09791666667 0.187037037
1 0.1979166667 0.5722222222 0.1166666667 0.162962963
1 0.4953125 0.7055555556 0.090625 0.1481481481
1 0.3489583333 0.4675925926 0.09583333333 0.1314814815
1 0.196875 0.712962963 0.1 0.1222222222
1 0.2885416667 0.7212962963 0.09375 0.15
1 0.1463541667 0.8 0.09479166667 0.1444444444
1 0.3463541667 0.7 0.071875 0.1
1 0.2880208333 0.8268518519 0.1114583333 0.2277777778
1 0.2338541667 0.887037037 0.1010416667 0.2
1 0.2973958333 0.9138888889 0.1010416667 0.1425925926
1 0.3921875 0.9361111111 0.071875 0.09814814815
1 0.2348958333 0.5694444444 0.1114583333 0.1240740741
1 0.4161458333 0.9324074074 0.084375 0.08333333333
