1 0.4458333333 0.7592592593 0.09791666667 0.1518518519
1 0.2786458333 0.7333333333 0.08229166667 0.1851851852
1 0.5135416667 0.8055555556 0.09791666667 0.1111111111
1 0.3421875 0.675 0.08645833333 0.1388888889
1 0.4041666667 0.6777777778 0.08541666667 0.1222222222
1 0.2583333333 0.8574074074 0.1 0.1851851852
1 0.2875 0.9777777778 0.0625 0.04074074074
1 0.3598958333 0.9472222222 0.090625 0.1018518519
1 0.2338541667 0.8490740741 0.03854166667 0.07222222222
1 0.25625 0.7101851852 0.1020833333 0.1277777778
1 0.4979166667 0.9425925926 0.08541666667 0.1037037037
1 0.3765625 0.9101851852 0.08645833333 0.09814814815
1 0.325 0.812037037 0.075 0.1240740741
1 0.5520833333 0.8453703704 0.07916666667 0.1018518519
