1 0.2739583333 0.5888888889 0.07083333333 0.05555555556
1 0.4442708333 0.5962962963 0.1135416667 0.1185185185
1 0.3447916667 0.65 0.1083333333 0.1111111111
1 0.4395833333 0.6231481481 0.1229166667 0.1611111111
1 0.2114583333 0.6648148148 0.11875 0.1333333333
1 0.5026041667 0.7055555556 0.121875 0.137037037
1 0.3625 0.4685185185 0.1354166667 0.137037037
1 0.2151041667 0.7175925926 0.121875 0.1018518519
1 0.265625 0.7592592593 0.1020833333 0.1148148148
1 0.1588541667 0.8074074074 0.115625 0.1037037037
1 0.3260416667 0.8231481481 0.09583333333 0.09074074074
1 0.3833333333 0.8296296296 0.11875 0.1814814815
1 0.2145833333 0.862037037 0.14375 0.1314814815
1 0.2401041667 0.9444444444 0.1114583333 0.1074074074
1 0.4239583333 0.9722222222 0.04375 0.04444444444
