5 0.4526041667 0.937037037 0.07395833333 0.1074074074
3 0.6427083333 0.8 0.0375 0.04814814815
1 0.01822916667 0.7685185185 0.03645833333 0.02222222222
1 0.03072916667 0.7148148148 0.059375 0.03703703704
1 0.02552083333 0.6166666667 0.05104166667 0.03703703704
1 0.02760416667 0.8703703704 0.05520833333 0.03333333333
1 0.03802083333 0.9768518519 0.07604166667 0.04259259259
1 0.03489583333 0.6740740741 0.065625 0.03333333333
1 0.04322916667 0.8305555556 0.08229166667 0.0462962963
1 0.02135416667 0.5388888889 0.04270833333 0.04074074074
