1 0.5427083333 0.2546296296 0.04791666667 0.05
1 0.5125 0.3537037037 0.05416666667 0.04074074074
1 0.5223958333 0.387037037 0.034375 0.03333333333
1 0.5463541667 0.4333333333 0.04479166667 0.02592592593
1 0.5541666667 0.387037037 0.04583333333 0.04444444444
1 0.5625 0.2972222222 0.04166666667 0.03518518519
1 0.5130208333 0.3583333333 0.046875 0.02407407407
1 0.5401041667 0.4962962963 0.04895833333 0.02962962963
1 0.5802083333 0.3962962963 0.0375 0.03333333333
1 0.559375 0.4111111111 0.03541666667 0.02222222222
5 0.6046875 0.9527777778 0.08020833333 0.09074074074
1 0.6291666667 0.2175925926 0.0375 0.03518518519
1 0.6161458333 0.3277777778 0.04479166667 0.03703703704
1 0.6755208333 0.2814814815 0.04479166667 0.04444444444
1 0.6822916667 0.3703703704 0.02916666667 0.02592592593
1 0.5901041667 0.4407407407 0.01979166667 0.02592592593
