1 0.2208333333 0.5203703704 0.05208333333 0.05555555556
1 0.1817708333 0.6518518519 0.059375 0.07037037037
1 0.1958333333 0.6027777778 0.04375 0.0462962963
1 0.2333333333 0.7111111111 0.07708333333 0.05185185185
1 0.2229166667 0.537037037 0.06666666667 0.05925925926
1 0.1880208333 0.7074074074 0.05520833333 0.05185185185
1 0.3567708333 0.7277777778 0.07395833333 0.04444444444
1 0.275 0.8064814815 0.04583333333 0.03518518519
5 0.6041666667 0.9527777778 0.08333333333 0.09074074074
1 0.3994791667 0.4111111111 0.071875 0.04444444444
1 0.2515625 0.4037037037 0.06770833333 0.03703703704
1 0.2854166667 0.6259259259 0.08541666667 0.04814814815
1 0.3083333333 0.4518518519 0.07083333333 0.04814814815
1 0.3171875 0.7712962963 0.05729166667 0.05
1 0.2270833333 0.7194444444 0.06458333333 0.04259259259
1 0.3927083333 0.5472222222 0.07083333333 0.05740740741
1 0.2729166667 0.7416666667 0.04583333333 0.0462962963
1 0.26875 0.5953703704 0.05416666667 0.04259259259
1 0.2484375 0.6472222222 0.046875 0.02777777778
