5 0.4526041667 0.9333333333 0.07395833333 0.1074074074
3 0.6463541667 0.812962963 0.04479166667 0.05555555556
1 0.02291666667 0.7287037037 0.04583333333 0.02777777778
1 0.0640625 0.7703703704 0.06145833333 0.02962962963
1 0.03177083333 0.6935185185 0.06354166667 0.03148148148
1 0.06822916667 0.612037037 0.065625 0.06851851852
1 0.0171875 0.812037037 0.034375 0.03148148148
1 0.0328125 0.8712962963 0.065625 0.05740740741
1 0.05416666667 0.5611111111 0.04791666667 0.07037037037
1 0.01458333333 0.7824074074 0.02916666667 0.03518518519
1 0.01041666667 0.3972222222 0.02083333333 0.09814814815
