1 0.55 0.2342592593 0.04791666667 0.04259259259
1 0.53125 0.3240740741 0.05833333333 0.05185185185
1 0.5223958333 0.3777777778 0.034375 0.03333333333
1 0.5453125 0.4305555556 0.046875 0.02777777778
1 0.5692708333 0.3731481481 0.040625 0.03148148148
1 0.5677083333 0.3027777778 0.03958333333 0.03148148148
1 0.5348958333 0.3462962963 0.04895833333 0.02962962963
1 0.5557291667 0.4805555556 0.05729166667 0.02777777778
1 0.584375 0.4037037037 0.03541666667 0.02592592593
1 0.6088541667 0.4722222222 0.04479166667 0.02592592593
1 0.5875 0.4240740741 0.03541666667 0.02222222222
5 0.603125 0.9527777778 0.08125 0.09074074074
1 0.6395833333 0.2296296296 0.03125 0.02592592593
1 0.5958333333 0.1166666667 0.04166666667 0.04074074074
1 0.628125 0.3361111111 0.03333333333 0.03148148148
1 0.6994791667 0.3796296296 0.028125 0.02592592593
