1 0.2307291667 0.4342592593 0.05520833333 0.06481481481
1 0.1958333333 0.5333333333 0.06041666667 0.07037037037
1 0.2395833333 0.5138888889 0.04583333333 0.03888888889
1 0.328125 0.6407407407 0.05416666667 0.02592592593
1 0.2692708333 0.6453703704 0.046875 0.08333333333
1 0.2515625 0.462037037 0.07395833333 0.0537037037
1 0.23125 0.6490740741 0.04791666667 0.05740740741
1 0.3994791667 0.6 0.05729166667 0.07407407407
1 0.29375 0.7888888889 0.05416666667 0.04074074074
5 0.6041666667 0.9527777778 0.08333333333 0.09074074074
1 0.4364583333 0.287962963 0.075 0.07222222222
1 0.3130208333 0.2953703704 0.053125 0.0537037037
1 0.3265625 0.575 0.06979166667 0.03888888889
1 0.3854166667 0.3240740741 0.06666666667 0.04444444444
1 0.39375 0.6277777778 0.06875 0.07777777778
1 0.2510416667 0.687037037 0.0625 0.05925925926
1 0.4421875 0.4268518519 0.07395833333 0.08333333333
1 0.303125 0.7046296296 0.04583333333 0.03888888889
1 0.278125 0.5944444444 0.04583333333 0.03333333333
