1 0.4479166667 0.7953703704 0.09375 0.1462962963
1 0.2953125 0.762037037 0.08229166667 0.1648148148
1 0.5166666667 0.8101851852 0.1 0.1055555556
1 0.3619791667 0.6675925926 0.09479166667 0.1203703704
1 0.4229166667 0.6787037037 0.08958333333 0.1314814815
1 0.2744791667 0.8787037037 0.1114583333 0.1796296296
1 0.2921875 0.9768518519 0.07395833333 0.04259259259
1 0.3635416667 0.9416666667 0.0875 0.112962963
1 0.2338541667 0.8490740741 0.03854166667 0.07222222222
1 0.2619791667 0.7305555556 0.08854166667 0.1277777778
1 0.5057291667 0.9240740741 0.09479166667 0.1
1 0.3302083333 0.8361111111 0.07291666667 0.1166666667
1 0.5541666667 0.862962963 0.08125 0.08518518519
1 0.4666666667 0.9833333333 0.05208333333 0.02962962963
