1 0.4322916667 0.7166666667 0.1041666667 0.1592592593
1 0.2291666667 0.6777777778 0.08958333333 0.1851851852
1 0.4848958333 0.8055555556 0.08020833333 0.1074074074
1 0.3182291667 0.6314814815 0.08229166667 0.137037037
1 0.2635416667 0.7481481481 0.1041666667 0.1296296296
1 0.2078125 0.8416666667 0.06979166667 0.1462962963
1 0.3838541667 0.6694444444 0.103125 0.1092592593
1 0.278125 0.8037037037 0.1479166667 0.1740740741
1 0.2510416667 0.9444444444 0.08333333333 0.1074074074
1 0.3421875 0.9481481481 0.08854166667 0.1
1 0.2338541667 0.8490740741 0.03854166667 0.07222222222
1 0.2364583333 0.6314814815 0.1104166667 0.1259259259
1 0.45625 0.9333333333 0.08541666667 0.1074074074
1 0.3395833333 0.8805555556 0.0875 0.1203703704
1 0.440625 0.9666666667 0.06458333333 0.06296296296
