1 0.2296875 0.4472222222 0.05520833333 0.05740740741
1 0.1947916667 0.537037037 0.0625 0.07777777778
1 0.2369791667 0.5148148148 0.046875 0.04074074074
1 0.3291666667 0.6425925926 0.05416666667 0.02592592593
1 0.2708333333 0.6453703704 0.03541666667 0.08333333333
1 0.246875 0.462962963 0.07083333333 0.05555555556
1 0.2276041667 0.6527777778 0.046875 0.05740740741
1 0.3973958333 0.612962963 0.05729166667 0.07407407407
1 0.2890625 0.7907407407 0.05520833333 0.04444444444
5 0.6041666667 0.9527777778 0.08333333333 0.09074074074
1 0.4333333333 0.3064814815 0.075 0.0462962963
1 0.3166666667 0.3046296296 0.06875 0.0537037037
1 0.3239583333 0.5787037037 0.07083333333 0.03888888889
1 0.38125 0.3268518519 0.075 0.0462962963
1 0.3802083333 0.6518518519 0.0625 0.07037037037
1 0.2484375 0.6907407407 0.065625 0.06296296296
1 0.4385416667 0.4351851852 0.07916666667 0.07777777778
1 0.2994791667 0.7083333333 0.05104166667 0.04259259259
1 0.2765625 0.5972222222 0.04895833333 0.03518518519
