5 0.471875 0.8925925926 0.04583333333 0.08518518519
1 0.7578125 0.7074074074 0.06770833333 0.05925925926
1 0.6708333333 0.7314814815 0.05625 0.08888888889
1 0.5744791667 0.9194444444 0.08229166667 0.1574074074
1 0.7088541667 0.9138888889 0.078125 0.1240740741
1 0.8359375 0.8796296296 0.02604166667 0.0962962963
1 0.796875 0.9287037037 0.02708333333 0.09814814815
1 0.5875 0.9759259259 0.05416666667 0.04444444444
1 0.7635416667 0.8518518519 0.05416666667 0.05925925926
1 0.8328125 0.7583333333 0.07395833333 0.06851851852
