5 0.471875 0.8925925926 0.04583333333 0.08518518519
1 0.7515625 0.7092592593 0.065625 0.1
1 0.6375 0.7694444444 0.05833333333 0.1018518519
3 0.5520833333 0.9407407407 0.03541666667 0.06296296296
1 0.6223958333 0.8462962963 0.05729166667 0.1666666667
1 0.728125 0.8518518519 0.06666666667 0.1444444444
1 0.8333333333 0.8611111111 0.025 0.07037037037
1 0.5822916667 0.9592592593 0.05208333333 0.07777777778
1 0.6421875 0.8453703704 0.01770833333 0.09444444444
1 0.6776041667 0.8138888889 0.06354166667 0.09444444444
1 0.7880208333 0.8018518519 0.05729166667 0.07037037037
1 0.6463541667 0.9324074074 0.065625 0.07962962963
1 0.8239583333 0.7101851852 0.06458333333 0.0537037037
