1 0.2239583333 0.4740740741 0.04583333333 0.04814814815
1 0.1875 0.5555555556 0.0625 0.08888888889
1 0.225 0.5277777778 0.05208333333 0.05185185185
1 0.3328125 0.6527777778 0.05520833333 0.03148148148
1 0.2817708333 0.6537037037 0.04895833333 0.05555555556
1 0.2380208333 0.4740740741 0.06770833333 0.07777777778
1 0.221875 0.6666666667 0.05208333333 0.05185185185
1 0.3901041667 0.662962963 0.06770833333 0.06666666667
1 0.2828125 0.7944444444 0.05520833333 0.04814814815
5 0.6041666667 0.9527777778 0.08333333333 0.09074074074
1 0.4239583333 0.3324074074 0.06666666667 0.04259259259
1 0.2994791667 0.3407407407 0.06354166667 0.04444444444
1 0.321875 0.5944444444 0.07916666667 0.04444444444
1 0.3473958333 0.3722222222 0.071875 0.05555555556
1 0.3515625 0.7111111111 0.053125 0.06296296296
1 0.2380208333 0.7037037037 0.06145833333 0.05555555556
1 0.4145833333 0.4768518519 0.06666666667 0.06481481481
1 0.2869791667 0.7185185185 0.053125 0.04074074074
1 0.275 0.5981481481 0.05 0.02962962963
1 0.2729166667 0.6351851852 0.05833333333 0.03333333333
