5 0.4526041667 0.9333333333 0.07395833333 0.1074074074
3 0.6411458333 0.8055555556 0.04479166667 0.05555555556
1 0.0125 0.7287037037 0.025 0.01666666667
1 0.01510416667 0.787962963 0.03020833333 0.02407407407
1 0.01822916667 0.7231481481 0.03645833333 0.03148148148
1 0.03177083333 0.5759259259 0.06354166667 0.02962962963
1 0.02552083333 0.8518518519 0.05104166667 0.02592592593
1 0.028125 0.8675925926 0.05625 0.0462962963
1 0.04375 0.9722222222 0.08125 0.04814814815
1 0.02552083333 0.5583333333 0.05104166667 0.02777777778
1 0.0453125 0.762037037 0.07395833333 0.03518518519
1 0.025 0.3944444444 0.05 0.08518518519
