1 0.5432291667 0.2425925926 0.05104166667 0.05555555556
1 0.5208333333 0.3462962963 0.05208333333 0.04444444444
1 0.5223958333 0.387037037 0.034375 0.03333333333
1 0.5463541667 0.4333333333 0.04479166667 0.02592592593
1 0.5598958333 0.375 0.04895833333 0.05
1 0.5635416667 0.2962962963 0.03958333333 0.03333333333
1 0.5291666667 0.3453703704 0.04375 0.02407407407
1 0.5401041667 0.4916666667 0.04895833333 0.03518518519
1 0.5822916667 0.3953703704 0.0375 0.02777777778
1 0.5614583333 0.4148148148 0.03541666667 0.02222222222
5 0.603125 0.9527777778 0.08541666667 0.09074074074
1 0.6322916667 0.2203703704 0.03541666667 0.03333333333
1 0.6182291667 0.3277777778 0.04479166667 0.03703703704
1 0.6755208333 0.2833333333 0.04479166667 0.04074074074
1 0.6890625 0.3722222222 0.028125 0.02592592593
1 0.5932291667 0.437037037 0.01979166667 0.02592592593
