1 0.5114583333 0.2972222222 0.05625 0.03888888889
1 0.4666666667 0.3425925926 0.05833333333 0.02962962963
1 0.4734375 0.4296296296 0.053125 0.02962962963
1 0.5265625 0.4425925926 0.053125 0.04444444444
1 0.5317708333 0.2981481481 0.05520833333 0.02962962963
1 0.4880208333 0.3768518519 0.05520833333 0.03148148148
1 0.4927083333 0.5305555556 0.05833333333 0.02777777778
1 0.5041666667 0.4703703704 0.03541666667 0.02222222222
5 0.6041666667 0.9527777778 0.08333333333 0.09074074074
1 0.6359375 0.2444444444 0.04479166667 0.04444444444
1 0.55 0.237962963 0.05208333333 0.03148148148
1 0.5723958333 0.3583333333 0.04479166667 0.03518518519
1 0.6619791667 0.3 0.04479166667 0.04444444444
1 0.6390625 0.3657407407 0.034375 0.04259259259
1 0.5453125 0.475 0.053125 0.0462962963
1 0.6109375 0.3398148148 0.028125 0.03518518519
1 0.5786458333 0.4435185185 0.034375 0.02777777778
1 0.5791666667 0.4925925926 0.0375 0.03703703704
