1 0.08802083333 0.4981481481 0.034375 0.02592592593
1 0.09583333333 0.8333333333 0.04583333333 0.02592592593
5 0.4651041667 0.9185185185 0.06145833333 0.1259259259
3 0.6010416667 0.9092592593 0.04166666667 0.05555555556
1 0.03020833333 0.9527777778 0.0375 0.02777777778
1 0.07239583333 0.8203703704 0.02395833333 0.02222222222
1 0.01354166667 0.8768518519 0.02708333333 0.03888888889
1 0.02916666667 0.7342592593 0.02291666667 0.02777777778
1 0.008854166667 0.5537037037 0.01770833333 0.01851851852
1 0.01197916667 0.6175925926 0.02395833333 0.02407407407
1 0.1489583333 0.7638888889 0.03333333333 0.02407407407
1 0.10625 0.687037037 0.04791666667 0.02592592593
1 0.09427083333 0.6287037037 0.028125 0.02037037037
1 0.05208333333 0.8111111111 0.02708333333 0.01851851852
