5 0.4526041667 0.9333333333 0.07395833333 0.1074074074
3 0.6432291667 0.8055555556 0.04479166667 0.05555555556
1 0.0125 0.7287037037 0.025 0.02407407407
1 0.03020833333 0.7675925926 0.06041666667 0.02777777778
1 0.015625 0.7092592593 0.03125 0.02592592593
1 0.0421875 0.5601851852 0.07604166667 0.03518518519
1 0.0234375 0.8268518519 0.046875 0.02777777778
1 0.02916666667 0.8777777778 0.05833333333 0.04814814815
1 0.0296875 0.9777777778 0.059375 0.04074074074
1 0.034375 0.5194444444 0.06666666667 0.0462962963
1 0.02916666667 0.7453703704 0.05833333333 0.03148148148
1 0.05 0.3564814815 0.06041666667 0.06481481481
