1 0.4390625 0.8018518519 0.09895833333 0.07777777778
1 0.2661458333 0.5990740741 0.1072916667 0.1277777778
1 0.4661458333 0.7083333333 0.134375 0.09074074074
1 0.3479166667 0.712962963 0.1145833333 0.09259259259
1 0.4270833333 0.7537037037 0.1166666667 0.1407407407
1 0.2067708333 0.7027777778 0.09479166667 0.1648148148
1 0.5541666667 0.7712962963 0.13125 0.1055555556
1 0.4135416667 0.5314814815 0.14375 0.1074074074
1 0.24375 0.7472222222 0.125 0.1055555556
1 0.2901041667 0.8111111111 0.09479166667 0.1259259259
1 0.1755208333 0.8981481481 0.128125 0.1
1 0.3098958333 0.8916666667 0.09270833333 0.09814814815
1 0.4151041667 0.887037037 0.134375 0.162962963
1 0.1890625 0.9231481481 0.146875 0.15
