1 0.2739583333 0.5814814815 0.07083333333 0.05555555556
1 0.4447916667 0.5740740741 0.11875 0.1407407407
1 0.3442708333 0.6518518519 0.1072916667 0.08888888889
1 0.4395833333 0.6138888889 0.125 0.1462962963
1 0.215625 0.6314814815 0.1229166667 0.1407407407
1 0.5005208333 0.6916666667 0.103125 0.1277777778
1 0.3479166667 0.4685185185 0.1333333333 0.137037037
1 0.2135416667 0.6944444444 0.11875 0.09259259259
1 0.2588541667 0.7435185185 0.103125 0.1166666667
1 0.1609375 0.7731481481 0.1135416667 0.1351851852
1 0.3286458333 0.812962963 0.09479166667 0.08148148148
1 0.3661458333 0.8398148148 0.1239583333 0.1722222222
1 0.2036458333 0.8638888889 0.128125 0.1425925926
1 0.2458333333 0.9333333333 0.1083333333 0.1296296296
1 0.4083333333 0.9657407407 0.06666666667 0.05
