5 0.4515625 0.9351851852 0.07395833333 0.1074074074
3 0.6427083333 0.825 0.03958333333 0.05
1 0.109375 0.7703703704 0.05208333333 0.04074074074
1 0.10625 0.8527777778 0.06458333333 0.03518518519
1 0.06458333333 0.7722222222 0.05625 0.03333333333
1 0.05416666667 0.8175925926 0.04791666667 0.02777777778
1 0.03489583333 0.7546296296 0.065625 0.06481481481
1 0.0578125 0.9657407407 0.05104166667 0.04259259259
1 0.0265625 0.8990740741 0.053125 0.0462962963
1 0.02135416667 0.9314814815 0.04270833333 0.03703703704
