1 0.4208333333 0.7407407407 0.06458333333 0.07777777778
1 0.4630208333 0.5694444444 0.07604166667 0.1537037037
1 0.3151041667 0.6435185185 0.09479166667 0.1388888889
1 0.3958333333 0.5842592593 0.1145833333 0.1685185185
1 0.2177083333 0.5064814815 0.1104166667 0.1796296296
1 0.4880208333 0.6453703704 0.09479166667 0.1388888889
1 0.31875 0.4324074074 0.1 0.1685185185
1 0.1958333333 0.6685185185 0.1145833333 0.1259259259
1 0.2708333333 0.6740740741 0.08125 0.1814814815
1 0.1614583333 0.7592592593 0.11875 0.1518518519
1 0.340625 0.7064814815 0.09791666667 0.1092592593
1 0.3041666667 0.8027777778 0.1375 0.1611111111
1 0.2088541667 0.8268518519 0.1197916667 0.1796296296
1 0.2588541667 0.9166666667 0.1052083333 0.1333333333
1 0.4104166667 0.9277777778 0.08333333333 0.1037037037
1 0.2354166667 0.8425925926 0.05625 0.09259259259
1 0.2484375 0.5527777778 0.103125 0.1055555556
1 0.4177083333 0.9555555556 0.07291666667 0.08518518519
