1 0.2171875 0.5472222222 0.05729166667 0.04259259259
1 0.1838541667 0.7212962963 0.05520833333 0.07222222222
1 0.1677083333 0.6518518519 0.03958333333 0.03333333333
1 0.2234375 0.7222222222 0.07604166667 0.05925925926
1 0.2036458333 0.5805555556 0.07395833333 0.0537037037
1 0.1692708333 0.775 0.04895833333 0.03518518519
1 0.3442708333 0.7509259259 0.07395833333 0.05
1 0.2630208333 0.8185185185 0.04479166667 0.03333333333
5 0.6041666667 0.9527777778 0.08333333333 0.09074074074
1 0.3557291667 0.4296296296 0.071875 0.05555555556
1 0.2395833333 0.4407407407 0.06666666667 0.04444444444
1 0.2645833333 0.6453703704 0.075 0.05740740741
1 0.3125 0.4787037037 0.07708333333 0.0537037037
1 0.2859375 0.8277777778 0.05729166667 0.04074074074
1 0.2177083333 0.7324074074 0.06458333333 0.04259259259
1 0.3791666667 0.5685185185 0.07708333333 0.08148148148
1 0.2645833333 0.7527777778 0.04583333333 0.03518518519
1 0.2619791667 0.6166666667 0.05104166667 0.05185185185
1 0.2192708333 0.6666666667 0.04270833333 0.02962962963
