1 0.45625 0.862037037 0.09166666667 0.1240740741
1 0.3239583333 0.7925925926 0.08541666667 0.1407407407
1 0.528125 0.8212962963 0.09375 0.07592592593
1 0.3932291667 0.7203703704 0.08229166667 0.1074074074
1 0.4645833333 0.7287037037 0.09583333333 0.09444444444
1 0.3265625 0.9138888889 0.1177083333 0.1277777778
1 0.4119791667 0.9472222222 0.078125 0.1018518519
1 0.2338541667 0.8490740741 0.03854166667 0.07222222222
1 0.2958333333 0.7787037037 0.07083333333 0.09074074074
1 0.5458333333 0.9194444444 0.08958333333 0.08703703704
1 0.3838541667 0.812037037 0.07604166667 0.08333333333
1 0.5567708333 0.8685185185 0.084375 0.08518518519
1 0.2598958333 0.9675925926 0.02604166667 0.0462962963
1 0.3796875 0.9092592593 0.08020833333 0.08518518519
1 0.5036458333 0.8675925926 0.05520833333 0.06481481481
