5 0.4526041667 0.9333333333 0.07395833333 0.1074074074
3 0.6411458333 0.8055555556 0.04479166667 0.05555555556
1 0.0125 0.7287037037 0.025 0.01666666667
1 0.015625 0.7990740741 0.03125 0.02407407407
1 0.02083333333 0.725 0.04166666667 0.03148148148
1 0.02604166667 0.5851851852 0.05208333333 0.02222222222
1 0.0296875 0.8611111111 0.05729166667 0.02592592593
1 0.05104166667 0.9722222222 0.08125 0.04814814815
1 0.0265625 0.5694444444 0.053125 0.02037037037
1 0.05364583333 0.7685185185 0.07604166667 0.04814814815
1 0.01979166667 0.4083333333 0.03958333333 0.08703703704
