1 0.2640625 0.3537037037 0.059375 0.04444444444
1 0.2359375 0.4824074074 0.06770833333 0.05740740741
1 0.2583333333 0.4212962963 0.03958333333 0.04259259259
1 0.3145833333 0.5648148148 0.04375 0.04444444444
1 0.296875 0.6018518519 0.06875 0.08518518519
1 0.2984375 0.3944444444 0.065625 0.05925925926
1 0.2421875 0.612037037 0.04270833333 0.06111111111
1 0.4046875 0.5351851852 0.04479166667 0.09259259259
1 0.3536458333 0.6796296296 0.046875 0.06666666667
5 0.6041666667 0.9527777778 0.08333333333 0.09074074074
1 0.4520833333 0.2407407407 0.075 0.05185185185
1 0.3484375 0.1861111111 0.05520833333 0.05740740741
1 0.3552083333 0.4824074074 0.07291666667 0.07222222222
1 0.4244791667 0.3046296296 0.06979166667 0.05
1 0.4364583333 0.5740740741 0.0625 0.05185185185
1 0.2822916667 0.6759259259 0.07083333333 0.03703703704
1 0.4520833333 0.425 0.07083333333 0.07222222222
1 0.3197916667 0.6407407407 0.0375 0.03333333333
1 0.3083333333 0.4824074074 0.04166666667 0.04259259259
