1 0.2395833333 0.825 0.1020833333 0.1425925926
1 0.1369791667 0.9305555556 0.06979166667 0.1018518519
1 0.2057291667 0.5518518519 0.07604166667 0.2814814815
1 0.2677083333 0.887962963 0.08541666667 0.1907407407
1 0.1416666667 0.8759259259 0.09791666667 0.1296296296
1 0.1291666667 0.6740740741 0.05416666667 0.1444444444
1 0.1942708333 0.537962963 0.05729166667 0.1981481481
1 0.0828125 0.5611111111 0.05520833333 0.2333333333
1 0.08489583333 0.6972222222 0.06145833333 0.2203703704
1 0.2640625 0.9712962963 0.078125 0.0537037037
