1 0.5114583333 0.2990740741 0.05625 0.03888888889
1 0.4619791667 0.3407407407 0.05520833333 0.02962962963
1 0.4729166667 0.4240740741 0.05625 0.02962962963
1 0.5244791667 0.4472222222 0.053125 0.03888888889
1 0.5317708333 0.2981481481 0.05520833333 0.02962962963
1 0.484375 0.375 0.06458333333 0.03148148148
1 0.4942708333 0.5287037037 0.06145833333 0.02777777778
1 0.4989583333 0.475 0.03541666667 0.02407407407
5 0.6041666667 0.9527777778 0.08333333333 0.09074074074
1 0.6359375 0.2490740741 0.04479166667 0.04259259259
1 0.5494791667 0.237962963 0.053125 0.03148148148
1 0.5697916667 0.3592592593 0.0375 0.03703703704
1 0.6578125 0.3055555556 0.04479166667 0.04444444444
1 0.6390625 0.3657407407 0.034375 0.04259259259
1 0.5390625 0.4787037037 0.053125 0.0462962963
1 0.6109375 0.3398148148 0.028125 0.03518518519
1 0.5786458333 0.4462962963 0.03645833333 0.02962962963
1 0.5791666667 0.4925925926 0.0375 0.03703703704
