1 0.4223958333 0.7416666667 0.06354166667 0.07592592593
1 0.4625 0.5657407407 0.07708333333 0.1425925926
1 0.325 0.6203703704 0.09583333333 0.1148148148
1 0.4015625 0.5805555556 0.121875 0.1611111111
1 0.2151041667 0.5027777778 0.1114583333 0.1833333333
1 0.4885416667 0.6518518519 0.09791666667 0.1296296296
1 0.3177083333 0.4324074074 0.1 0.1685185185
1 0.1947916667 0.6722222222 0.1166666667 0.1259259259
1 0.2682291667 0.6731481481 0.084375 0.1796296296
1 0.1677083333 0.7472222222 0.1166666667 0.1537037037
1 0.3395833333 0.7083333333 0.09791666667 0.1092592593
1 0.3067708333 0.8055555556 0.1385416667 0.162962963
1 0.209375 0.8305555556 0.1166666667 0.1759259259
1 0.2546875 0.9185185185 0.1052083333 0.1333333333
1 0.4083333333 0.9296296296 0.08333333333 0.1037037037
1 0.2390625 0.8425925926 0.06979166667 0.09259259259
1 0.2411458333 0.5564814815 0.09479166667 0.1055555556
1 0.415625 0.9555555556 0.075 0.08518518519
