5 0.4526041667 0.9333333333 0.07395833333 0.1074074074
3 0.6416666667 0.8018518519 0.04166666667 0.04814814815
1 0.01614583333 0.7222222222 0.03229166667 0.01851851852
1 0.01041666667 0.8222222222 0.02083333333 0.02222222222
1 0.04479166667 0.7157407407 0.06041666667 0.0537037037
1 0.0328125 0.6333333333 0.065625 0.03333333333
1 0.03177083333 0.8731481481 0.06145833333 0.04259259259
1 0.05989583333 0.9472222222 0.08645833333 0.05
1 0.0453125 0.6333333333 0.05520833333 0.02962962963
1 0.08333333333 0.8111111111 0.08125 0.04444444444
1 0.01510416667 0.4916666667 0.03020833333 0.06111111111
