1 0.4541666667 0.9287037037 0.0875 0.06851851852
1 0.3276041667 0.837037037 0.134375 0.05555555556
1 0.5182291667 0.8148148148 0.128125 0.1074074074
1 0.3484375 0.7555555556 0.09895833333 0.07777777778
1 0.4901041667 0.9277777778 0.1302083333 0.1148148148
1 0.2286458333 0.8472222222 0.1302083333 0.09074074074
1 0.5432291667 0.8648148148 0.134375 0.1148148148
1 0.4578125 0.7462962963 0.134375 0.1111111111
1 0.2682291667 0.9259259259 0.121875 0.07407407407
1 0.3541666667 0.9777777778 0.1229166667 0.04074074074
