1 0.4645833333 0.8657407407 0.08541666667 0.1351851852
1 0.3359375 0.8083333333 0.090625 0.1351851852
1 0.5333333333 0.8138888889 0.08958333333 0.07592592593
1 0.4083333333 0.725 0.08541666667 0.1055555556
1 0.4807291667 0.7166666667 0.096875 0.09259259259
1 0.3317708333 0.9046296296 0.1135416667 0.1314814815
1 0.4046875 0.9611111111 0.05520833333 0.07407407407
1 0.2338541667 0.8490740741 0.03854166667 0.07222222222
1 0.3270833333 0.8037037037 0.1166666667 0.08888888889
1 0.5515625 0.912037037 0.08645833333 0.09444444444
1 0.3901041667 0.8037037037 0.078125 0.08888888889
1 0.5604166667 0.8657407407 0.08958333333 0.07592592593
1 0.2786458333 0.975 0.059375 0.0462962963
1 0.3838541667 0.8990740741 0.06354166667 0.1277777778
