1 0.09375 0.8240740741 0.04583333333 0.02962962963
5 0.4651041667 0.9185185185 0.06145833333 0.1259259259
3 0.6010416667 0.9092592593 0.04166666667 0.05555555556
1 0.02604166667 0.9268518519 0.0375 0.02777777778
1 0.05989583333 0.8222222222 0.02604166667 0.02592592593
1 0.008333333333 0.7231481481 0.01666666667 0.02407407407
1 0.1432291667 0.7462962963 0.034375 0.02222222222
1 0.08697916667 0.6555555556 0.04895833333 0.02592592593
1 0.07239583333 0.612037037 0.028125 0.02037037037
1 0.03541666667 0.7824074074 0.03125 0.02037037037
