1 0.4901041667 0.3037037037 0.06145833333 0.03703703704
1 0.4453125 0.3277777778 0.05729166667 0.02962962963
1 0.45625 0.4138888889 0.05416666667 0.03518518519
1 0.503125 0.4435185185 0.05625 0.03518518519
1 0.5026041667 0.4416666667 0.05729166667 0.03148148148
1 0.5177083333 0.2990740741 0.06458333333 0.02777777778
1 0.453125 0.3694444444 0.05833333333 0.03888888889
1 0.4609375 0.5083333333 0.046875 0.02777777778
1 0.5640625 0.5240740741 0.03645833333 0.02962962963
1 0.4786458333 0.4638888889 0.04479166667 0.02777777778
5 0.6041666667 0.9527777778 0.08333333333 0.09074074074
1 0.6479166667 0.262962963 0.04791666667 0.03703703704
1 0.546875 0.2388888889 0.05625 0.02962962963
1 0.5583333333 0.387037037 0.05833333333 0.04444444444
1 0.6515625 0.3166666667 0.04479166667 0.04444444444
1 0.6380208333 0.3712962963 0.034375 0.04259259259
1 0.5046875 0.4953703704 0.053125 0.05740740741
1 0.6109375 0.3398148148 0.028125 0.03518518519
1 0.5744791667 0.4518518519 0.046875 0.03333333333
