1 0.2239583333 0.4740740741 0.04583333333 0.04814814815
1 0.1864583333 0.5574074074 0.0625 0.08888888889
1 0.2208333333 0.5324074074 0.05208333333 0.05740740741
1 0.3322916667 0.6564814815 0.04791666667 0.03148148148
1 0.28125 0.6546296296 0.05208333333 0.05
1 0.2369791667 0.4740740741 0.065625 0.07777777778
1 0.2208333333 0.6694444444 0.05208333333 0.05
1 0.3901041667 0.6666666667 0.06770833333 0.06666666667
1 0.2817708333 0.7944444444 0.05520833333 0.04814814815
5 0.6041666667 0.9527777778 0.08333333333 0.09074074074
1 0.4239583333 0.337962963 0.06666666667 0.04259259259
1 0.2942708333 0.3453703704 0.06354166667 0.0462962963
1 0.321875 0.5953703704 0.07916666667 0.0462962963
1 0.3442708333 0.3805555556 0.06979166667 0.05
1 0.35 0.7175925926 0.05625 0.05740740741
1 0.2375 0.7046296296 0.06458333333 0.05740740741
1 0.4145833333 0.4814814815 0.06666666667 0.06296296296
1 0.2859375 0.7185185185 0.053125 0.04444444444
1 0.275 0.5972222222 0.05 0.02777777778
1 0.271875 0.6351851852 0.05833333333 0.02962962963
