1 0.4192708333 0.7462962963 0.06145833333 0.07407407407
1 0.4708333333 0.5861111111 0.07083333333 0.1611111111
1 0.3229166667 0.6592592593 0.09583333333 0.1185185185
1 0.4005208333 0.5944444444 0.1114583333 0.1703703704
1 0.2213541667 0.5259259259 0.1135416667 0.1888888889
1 0.4880208333 0.6564814815 0.09479166667 0.1388888889
1 0.3348958333 0.437037037 0.103125 0.1592592593
1 0.1833333333 0.6814814815 0.1104166667 0.1333333333
1 0.2796875 0.687037037 0.090625 0.1592592593
1 0.1526041667 0.7731481481 0.1177083333 0.1462962963
1 0.3421875 0.7 0.071875 0.07037037037
1 0.2958333333 0.787037037 0.1291666667 0.1740740741
1 0.2041666667 0.8277777778 0.1 0.2037037037
1 0.2692708333 0.9138888889 0.103125 0.1277777778
1 0.4140625 0.9166666667 0.090625 0.0962962963
1 0.2338541667 0.8490740741 0.03854166667 0.07222222222
1 0.2442708333 0.5555555556 0.1072916667 0.1037037037
1 0.4302083333 0.9564814815 0.075 0.08333333333
