1 0.084375 0.4953703704 0.02708333333 0.02777777778
1 0.09479166667 0.8305555556 0.04583333333 0.02777777778
5 0.4651041667 0.9185185185 0.06145833333 0.1259259259
3 0.6010416667 0.9092592593 0.04166666667 0.05555555556
1 0.03125 0.9453703704 0.0375 0.02777777778
1 0.065625 0.8185185185 0.025 0.02222222222
1 0.02239583333 0.7305555556 0.01979166667 0.02407407407
1 0.0109375 0.6185185185 0.021875 0.02222222222
1 0.1505208333 0.7527777778 0.03229166667 0.02407407407
1 0.1015625 0.6740740741 0.04895833333 0.02592592593
1 0.08697916667 0.6231481481 0.028125 0.02037037037
1 0.04583333333 0.8037037037 0.02916666667 0.01851851852
