5 0.471875 0.8925925926 0.04583333333 0.08518518519
1 0.7515625 0.7074074074 0.065625 0.1
1 0.6416666667 0.7648148148 0.05416666667 0.1037037037
3 0.5526041667 0.9407407407 0.03645833333 0.06666666667
1 0.6151041667 0.8537037037 0.059375 0.1555555556
1 0.7223958333 0.8703703704 0.071875 0.1259259259
1 0.8322916667 0.8611111111 0.025 0.07037037037
1 0.5828125 0.9555555556 0.05520833333 0.08518518519
1 0.6296875 0.8574074074 0.01770833333 0.1037037037
1 0.6770833333 0.8046296296 0.07291666667 0.08703703704
1 0.7869791667 0.7981481481 0.05729166667 0.08148148148
1 0.6572916667 0.9398148148 0.06666666667 0.08333333333
1 0.8276041667 0.7157407407 0.065625 0.05740740741
