1 0.4583333333 0.9148148148 0.06666666667 0.05555555556
1 0.3260416667 0.7898148148 0.1166666667 0.05740740741
1 0.5151041667 0.8074074074 0.1364583333 0.08888888889
1 0.3572916667 0.7333333333 0.1041666667 0.07777777778
1 0.4895833333 0.9351851852 0.1375 0.09259259259
1 0.2192708333 0.8222222222 0.134375 0.0962962963
1 0.5578125 0.862037037 0.1447916667 0.1018518519
1 0.4536458333 0.7166666667 0.146875 0.08148148148
1 0.2651041667 0.8990740741 0.1177083333 0.07222222222
1 0.3260416667 0.9657407407 0.125 0.05740740741
1 0.2234375 0.9685185185 0.078125 0.05925925926
