1 0.2286458333 0.462037037 0.05520833333 0.05
1 0.1895833333 0.5462962963 0.0625 0.08518518519
1 0.2338541667 0.5194444444 0.05104166667 0.04259259259
1 0.3302083333 0.6472222222 0.05416666667 0.03148148148
1 0.2708333333 0.6453703704 0.01458333333 0.08333333333
1 0.2427083333 0.4648148148 0.07083333333 0.06666666667
1 0.2291666667 0.6564814815 0.05208333333 0.05740740741
1 0.3901041667 0.6407407407 0.05729166667 0.05925925926
1 0.2859375 0.7925925926 0.05520833333 0.04814814815
5 0.6041666667 0.9527777778 0.08333333333 0.09074074074
1 0.4291666667 0.3231481481 0.06666666667 0.04259259259
1 0.3151041667 0.3157407407 0.06979166667 0.05740740741
1 0.3260416667 0.5833333333 0.075 0.04074074074
1 0.3744791667 0.3342592593 0.08229166667 0.05740740741
1 0.36875 0.6842592593 0.05833333333 0.06481481481
1 0.2432291667 0.6981481481 0.06145833333 0.05555555556
1 0.434375 0.4453703704 0.07916666667 0.08703703704
1 0.2958333333 0.712962963 0.05416666667 0.04074074074
1 0.275 0.5972222222 0.05 0.02777777778
