5 0.471875 0.8925925926 0.04583333333 0.08518518519
1 0.7505208333 0.7074074074 0.065625 0.1
1 0.6494791667 0.7546296296 0.046875 0.09444444444
3 0.5526041667 0.9388888889 0.03645833333 0.06666666667
1 0.60625 0.8675925926 0.05625 0.15
1 0.71875 0.8796296296 0.07291666667 0.1148148148
1 0.83125 0.862037037 0.025 0.07222222222
1 0.8072916667 0.8916666667 0.02708333333 0.09814814815
1 0.5833333333 0.9583333333 0.05416666667 0.07962962963
1 0.6145833333 0.8675925926 0.02083333333 0.1018518519
1 0.6942708333 0.8009259259 0.084375 0.07592592593
1 0.7864583333 0.8027777778 0.04791666667 0.08703703704
1 0.6677083333 0.95 0.06666666667 0.08148148148
1 0.8302083333 0.7222222222 0.06666666667 0.05925925926
