1 0.5041666667 0.3027777778 0.05625 0.04259259259
1 0.4489583333 0.3342592593 0.05625 0.03148148148
1 0.465625 0.4166666667 0.05625 0.02962962963
1 0.5151041667 0.4564814815 0.06770833333 0.03148148148
1 0.5234375 0.2981481481 0.06354166667 0.02962962963
1 0.4739583333 0.3731481481 0.06875 0.03518518519
1 0.4682291667 0.5101851852 0.046875 0.02777777778
1 0.4864583333 0.4712962963 0.03958333333 0.02407407407
5 0.6041666667 0.9527777778 0.08333333333 0.09074074074
1 0.6442708333 0.2611111111 0.04479166667 0.04444444444
1 0.546875 0.237962963 0.05625 0.03148148148
1 0.5619791667 0.3731481481 0.046875 0.04259259259
1 0.6536458333 0.3111111111 0.04479166667 0.04444444444
1 0.6390625 0.3694444444 0.034375 0.04259259259
1 0.5203125 0.4898148148 0.053125 0.0462962963
1 0.6109375 0.3398148148 0.028125 0.03518518519
1 0.5765625 0.4509259259 0.040625 0.03148148148
1 0.5708333333 0.5138888889 0.03541666667 0.02777777778
