1 0.4760416667 0.8972222222 0.06875 0.1166666667
1 0.3489583333 0.8277777778 0.1020833333 0.09259259259
1 0.5338541667 0.8055555556 0.08229166667 0.07037037037
1 0.4114583333 0.7351851852 0.09166666667 0.1148148148
1 0.4786458333 0.7074074074 0.096875 0.09259259259
1 0.3395833333 0.8962962963 0.1208333333 0.1444444444
1 0.415625 0.9601851852 0.07083333333 0.07592592593
1 0.2338541667 0.8490740741 0.03854166667 0.07222222222
1 0.3322916667 0.8240740741 0.1208333333 0.07777777778
1 0.5557291667 0.9083333333 0.08645833333 0.09814814815
1 0.4020833333 0.7925925926 0.08958333333 0.08888888889
1 0.5619791667 0.8657407407 0.08229166667 0.07592592593
1 0.2963541667 0.9731481481 0.07604166667 0.05
1 0.4026041667 0.9092592593 0.08229166667 0.08148148148
