1 0.2229166667 0.5027777778 0.05208333333 0.05740740741
1 0.1755208333 0.6212962963 0.046875 0.07592592593
1 0.1979166667 0.5814814815 0.04375 0.05185185185
1 0.25 0.6833333333 0.08125 0.05555555556
1 0.2286458333 0.5111111111 0.065625 0.06296296296
1 0.2015625 0.6888888889 0.05729166667 0.04444444444
1 0.365625 0.712962963 0.07291666667 0.04444444444
1 0.2765625 0.8046296296 0.04895833333 0.03888888889
5 0.6041666667 0.9527777778 0.08333333333 0.09074074074
1 0.4239583333 0.3898148148 0.075 0.0462962963
1 0.2609375 0.3944444444 0.06354166667 0.03703703704
1 0.3010416667 0.6157407407 0.07916666667 0.05
1 0.3135416667 0.4324074074 0.06458333333 0.05
1 0.3276041667 0.7564814815 0.06145833333 0.05
1 0.2322916667 0.7175925926 0.06458333333 0.04259259259
1 0.403125 0.5268518519 0.08125 0.05740740741
1 0.2760416667 0.7342592593 0.04583333333 0.0462962963
1 0.2677083333 0.5953703704 0.05 0.03518518519
1 0.253125 0.6333333333 0.04791666667 0.03333333333
