1 0.4119791667 0.2814814815 0.07395833333 0.04074074074
1 0.3875 0.3074074074 0.0625 0.02592592593
1 0.3848958333 0.4425925926 0.059375 0.03333333333
1 0.409375 0.4787037037 0.06458333333 0.05740740741
1 0.4442708333 0.3009259259 0.06770833333 0.03518518519
1 0.3734375 0.3962962963 0.06979166667 0.04814814815
1 0.3953125 0.5185185185 0.034375 0.03703703704
1 0.4989583333 0.5157407407 0.05833333333 0.02777777778
5 0.6041666667 0.9527777778 0.08333333333 0.09074074074
1 0.5838541667 0.2814814815 0.071875 0.02962962963
1 0.5359375 0.1944444444 0.06354166667 0.02592592593
1 0.4848958333 0.4074074074 0.05729166667 0.04444444444
1 0.6036458333 0.3277777778 0.065625 0.03703703704
1 0.5458333333 0.437037037 0.04375 0.04074074074
1 0.4213541667 0.5555555556 0.06354166667 0.07037037037
1 0.5473958333 0.3481481481 0.06979166667 0.04444444444
1 0.4890625 0.4740740741 0.05520833333 0.03333333333
1 0.4609375 0.4509259259 0.059375 0.03518518519
