1 0.5328125 0.2768518519 0.05104166667 0.03518518519
1 0.4984375 0.3564814815 0.06770833333 0.03888888889
1 0.5005208333 0.4046296296 0.04895833333 0.03518518519
1 0.5354166667 0.4435185185 0.04166666667 0.02777777778
1 0.5348958333 0.4046296296 0.04895833333 0.0462962963
1 0.5546875 0.3064814815 0.053125 0.03148148148
1 0.5 0.3685185185 0.05833333333 0.03333333333
1 0.5182291667 0.512962963 0.04895833333 0.02962962963
1 0.5661458333 0.4064814815 0.05104166667 0.03518518519
1 0.5291666667 0.4148148148 0.03541666667 0.02222222222
5 0.6041666667 0.9527777778 0.08333333333 0.09074074074
1 0.6307291667 0.2277777778 0.04479166667 0.04814814815
1 0.5625 0.2175925926 0.0375 0.03148148148
1 0.5921875 0.3444444444 0.04479166667 0.02592592593
1 0.6692708333 0.2814814815 0.04479166667 0.04444444444
1 0.659375 0.3518518519 0.03333333333 0.02962962963
1 0.5557291667 0.4666666667 0.04479166667 0.03333333333
1 0.5901041667 0.437037037 0.01979166667 0.02592592593
