5 0.4515625 0.9351851852 0.07395833333 0.1074074074
3 0.64375 0.8240740741 0.04166666667 0.05185185185
1 0.1067708333 0.7518518519 0.05520833333 0.04074074074
1 0.1213541667 0.8398148148 0.06145833333 0.04259259259
1 0.05625 0.7759259259 0.06875 0.04444444444
1 0.01354166667 0.7555555556 0.02708333333 0.02592592593
1 0.05052083333 0.7222222222 0.06354166667 0.07037037037
1 0.0265625 0.9231481481 0.053125 0.03518518519
1 0.03020833333 0.887037037 0.06041666667 0.04814814815
1 0.02135416667 0.9555555556 0.04270833333 0.03703703704
