5 0.471875 0.8925925926 0.04583333333 0.08518518519
1 0.7552083333 0.712037037 0.06875 0.05740740741
1 0.6375 0.7972222222 0.04375 0.09074074074
3 0.5557291667 0.9425925926 0.040625 0.06666666667
1 0.6479166667 0.8435185185 0.03958333333 0.1685185185
1 0.7536458333 0.837962963 0.05104166667 0.1462962963
1 0.8333333333 0.8611111111 0.025 0.07037037037
1 0.6734375 0.8648148148 0.02604166667 0.09259259259
1 0.6833333333 0.8824074074 0.05625 0.07962962963
1 0.7760416667 0.7444444444 0.07083333333 0.05925925926
1 0.6494791667 0.9666666667 0.06354166667 0.06296296296
