1 0.4307291667 0.7611111111 0.065625 0.1
1 0.4895833333 0.6583333333 0.06875 0.1277777778
1 0.4307291667 0.6407407407 0.1052083333 0.162962963
1 0.1994791667 0.5731481481 0.109375 0.1796296296
1 0.5015625 0.712962963 0.09270833333 0.137037037
1 0.346875 0.4805555556 0.09166666667 0.1240740741
1 0.215625 0.7185185185 0.1020833333 0.09259259259
1 0.2927083333 0.7314814815 0.09791666667 0.1444444444
1 0.1546875 0.8157407407 0.08229166667 0.1388888889
1 0.3541666667 0.7064814815 0.07916666667 0.09074074074
1 0.2927083333 0.8435185185 0.125 0.2018518519
1 0.2385416667 0.9101851852 0.1 0.1759259259
1 0.3088541667 0.9212962963 0.1010416667 0.1351851852
1 0.3817708333 0.9592592593 0.034375 0.05925925926
1 0.2338541667 0.8490740741 0.03854166667 0.07222222222
1 0.2333333333 0.5814814815 0.1166666667 0.137037037
1 0.4276041667 0.9092592593 0.09479166667 0.1185185185
1 0.3244791667 0.8592592593 0.084375 0.1111111111
