1 0.08802083333 0.4962962963 0.034375 0.02592592593
1 0.09583333333 0.8314814815 0.04583333333 0.02592592593
5 0.4651041667 0.9185185185 0.06145833333 0.1259259259
3 0.6010416667 0.9092592593 0.04166666667 0.05555555556
1 0.03125 0.9490740741 0.0375 0.02777777778
1 0.07083333333 0.8185185185 0.025 0.02222222222
1 0.01197916667 0.8712962963 0.02395833333 0.03888888889
1 0.02708333333 0.7333333333 0.02083333333 0.02592592593
1 0.008854166667 0.5537037037 0.01770833333 0.01851851852
1 0.01197916667 0.6185185185 0.02395833333 0.02222222222
1 0.15 0.7592592593 0.03333333333 0.02222222222
1 0.1052083333 0.6824074074 0.04791666667 0.02777777778
1 0.0921875 0.6268518519 0.028125 0.02037037037
1 0.05104166667 0.8092592593 0.02708333333 0.01851851852
