1 0.509375 0.3018518519 0.05625 0.04074074074
1 0.4557291667 0.337962963 0.053125 0.03148148148
1 0.465625 0.4222222222 0.05625 0.02962962963
1 0.5265625 0.4518518519 0.071875 0.03333333333
1 0.5265625 0.2981481481 0.06145833333 0.02962962963
1 0.4802083333 0.3731481481 0.0625 0.03148148148
1 0.4817708333 0.5212962963 0.046875 0.02777777778
1 0.49375 0.4768518519 0.0375 0.02407407407
5 0.6041666667 0.9527777778 0.08333333333 0.09074074074
1 0.6421875 0.2537037037 0.04479166667 0.04444444444
1 0.5479166667 0.237962963 0.05416666667 0.03148148148
1 0.5630208333 0.3675925926 0.04479166667 0.03888888889
1 0.6557291667 0.3111111111 0.04479166667 0.04444444444
1 0.6390625 0.3675925926 0.034375 0.04259259259
1 0.5296875 0.4861111111 0.053125 0.0462962963
1 0.6109375 0.3398148148 0.028125 0.03518518519
1 0.5786458333 0.4462962963 0.03645833333 0.02962962963
1 0.5770833333 0.5027777778 0.04166666667 0.03518518519
