5 0.4515625 0.9351851852 0.07395833333 0.1074074074
3 0.6427083333 0.8231481481 0.03958333333 0.05
1 0.1098958333 0.7564814815 0.05520833333 0.03888888889
1 0.1192708333 0.8546296296 0.06354166667 0.04259259259
1 0.05677083333 0.7796296296 0.06770833333 0.05555555556
1 0.0375 0.7925925926 0.04375 0.03333333333
1 0.04375 0.7351851852 0.06666666667 0.07037037037
1 0.04583333333 0.9472222222 0.05833333333 0.04259259259
1 0.03072916667 0.887037037 0.06145833333 0.04074074074
1 0.01197916667 0.9351851852 0.02395833333 0.02592592593
