1 0.546875 0.2351851852 0.05208333333 0.05185185185
1 0.528125 0.3333333333 0.05625 0.05185185185
1 0.5234375 0.3805555556 0.034375 0.03518518519
1 0.5453125 0.4277777778 0.046875 0.03333333333
1 0.5666666667 0.3694444444 0.04375 0.03888888889
1 0.5635416667 0.2962962963 0.03958333333 0.03333333333
1 0.5333333333 0.3472222222 0.04791666667 0.02777777778
1 0.5479166667 0.4842592593 0.04791666667 0.02777777778
1 0.5822916667 0.4009259259 0.0375 0.02777777778
1 0.6067708333 0.4722222222 0.04479166667 0.02592592593
1 0.5760416667 0.4148148148 0.03541666667 0.02222222222
5 0.6041666667 0.9527777778 0.08333333333 0.09074074074
1 0.6359375 0.2277777778 0.03229166667 0.02962962963
1 0.5947916667 0.1203703704 0.04166666667 0.04074074074
1 0.6260416667 0.3296296296 0.0375 0.03703703704
1 0.6942708333 0.3722222222 0.028125 0.02592592593
