5 0.471875 0.8925925926 0.04583333333 0.08518518519
1 0.7567708333 0.7361111111 0.059375 0.05
1 0.6755208333 0.7444444444 0.03020833333 0.05925925926
1 0.5630208333 0.9472222222 0.05520833333 0.1018518519
1 0.7010416667 0.9342592593 0.08333333333 0.1277777778
1 0.8328125 0.9157407407 0.03229166667 0.06851851852
1 0.7744791667 0.9592592593 0.06354166667 0.07777777778
1 0.5875 0.9861111111 0.0375 0.02407407407
1 0.765625 0.9416666667 0.01875 0.1055555556
1 0.8364583333 0.7694444444 0.07291666667 0.06851851852
