5 0.4526041667 0.9333333333 0.07395833333 0.1074074074
3 0.6416666667 0.8018518519 0.04375 0.04814814815
1 0.01510416667 0.7222222222 0.03020833333 0.01851851852
1 0.01197916667 0.8203703704 0.02395833333 0.02222222222
1 0.0421875 0.7157407407 0.059375 0.0537037037
1 0.03229166667 0.6314814815 0.06458333333 0.03333333333
1 0.03229166667 0.8759259259 0.06041666667 0.04074074074
1 0.06145833333 0.9509259259 0.08541666667 0.05
1 0.0453125 0.6287037037 0.05729166667 0.02777777778
1 0.08385416667 0.8101851852 0.08020833333 0.0462962963
1 0.01302083333 0.487962963 0.02604166667 0.06111111111
