1 0.4296875 0.7398148148 0.053125 0.06851851852
1 0.4630208333 0.5666666667 0.090625 0.1333333333
1 0.3223958333 0.6277777778 0.09895833333 0.1185185185
1 0.4114583333 0.5944444444 0.1208333333 0.1259259259
1 0.2109375 0.5148148148 0.115625 0.1740740741
1 0.4994791667 0.6666666667 0.109375 0.1333333333
1 0.3114583333 0.437962963 0.1041666667 0.1648148148
1 0.19375 0.6740740741 0.1166666667 0.1148148148
1 0.2619791667 0.6805555556 0.08854166667 0.1796296296
1 0.165625 0.7351851852 0.1041666667 0.1407407407
1 0.3354166667 0.7259259259 0.09166666667 0.1037037037
1 0.3161458333 0.8222222222 0.1302083333 0.1740740741
1 0.2130208333 0.8351851852 0.115625 0.1777777778
1 0.2375 0.9462962963 0.08125 0.08518518519
1 0.4 0.9481481481 0.075 0.0962962963
1 0.2505208333 0.8305555556 0.08645833333 0.1240740741
1 0.2458333333 0.5537037037 0.1020833333 0.1259259259
