1 0.4286458333 0.2731481481 0.07604166667 0.05
1 0.3994791667 0.3064814815 0.06145833333 0.02777777778
1 0.403125 0.4333333333 0.05 0.03703703704
1 0.43125 0.437962963 0.06458333333 0.05740740741
1 0.4296875 0.4416666667 0.065625 0.06481481481
1 0.4625 0.2962962963 0.0625 0.03333333333
1 0.3942708333 0.3851851852 0.06770833333 0.04814814815
1 0.4114583333 0.5018518519 0.04583333333 0.03703703704
1 0.5083333333 0.5203703704 0.05208333333 0.02592592593
1 0.4213541667 0.4657407407 0.04479166667 0.02777777778
5 0.6041666667 0.9527777778 0.08333333333 0.09074074074
1 0.6125 0.2759259259 0.07291666667 0.03703703704
1 0.5369791667 0.2064814815 0.06145833333 0.02407407407
1 0.4942708333 0.4027777778 0.05729166667 0.03888888889
1 0.615625 0.3351851852 0.0625 0.03703703704
1 0.5713541667 0.4333333333 0.034375 0.02592592593
1 0.4364583333 0.5388888889 0.05833333333 0.05925925926
1 0.5755208333 0.3638888889 0.06979166667 0.03518518519
1 0.5072916667 0.462037037 0.05 0.03518518519
1 0.4677083333 0.45 0.05625 0.03703703704
