5 0.471875 0.8925925926 0.04583333333 0.08518518519
1 0.7552083333 0.712037037 0.06875 0.05740740741
1 0.6375 0.8009259259 0.04375 0.09074074074
3 0.5557291667 0.9425925926 0.040625 0.06666666667
1 0.6489583333 0.837962963 0.03541666667 0.1796296296
1 0.7546875 0.8398148148 0.05104166667 0.1462962963
1 0.8333333333 0.8611111111 0.025 0.07037037037
1 0.6739583333 0.8666666667 0.025 0.09259259259
1 0.6822916667 0.8842592593 0.05625 0.07962962963
1 0.7760416667 0.7444444444 0.07083333333 0.05555555556
1 0.6494791667 0.9675925926 0.06354166667 0.06111111111
