5 0.4526041667 0.9333333333 0.07395833333 0.1074074074
3 0.6411458333 0.8018518519 0.04479166667 0.05185185185
1 0.01354166667 0.7222222222 0.02708333333 0.01851851852
1 0.01614583333 0.8138888889 0.03229166667 0.02037037037
1 0.0328125 0.7166666667 0.05520833333 0.05185185185
1 0.0296875 0.6277777778 0.059375 0.03703703704
1 0.03802083333 0.8805555556 0.06770833333 0.03518518519
1 0.065625 0.9611111111 0.08333333333 0.04444444444
1 0.04375 0.612962963 0.0625 0.02592592593
1 0.084375 0.8037037037 0.07708333333 0.05185185185
1 0.01197916667 0.4657407407 0.02395833333 0.06481481481
