1 0.4682291667 0.2740740741 0.065625 0.03703703704
1 0.4255208333 0.3166666667 0.05729166667 0.02962962963
1 0.4375 0.4166666667 0.05416666667 0.02962962963
1 0.4666666667 0.425 0.06875 0.0462962963
1 0.46875 0.4277777778 0.07083333333 0.04814814815
1 0.4932291667 0.3 0.06354166667 0.02962962963
1 0.4380208333 0.362962963 0.06770833333 0.05925925926
1 0.4291666667 0.5018518519 0.04375 0.03333333333
1 0.5411458333 0.5351851852 0.05104166667 0.02962962963
1 0.4557291667 0.4694444444 0.04479166667 0.02777777778
5 0.6041666667 0.9527777778 0.08333333333 0.09074074074
1 0.6510416667 0.2666666667 0.05416666667 0.03703703704
1 0.546875 0.2351851852 0.06041666667 0.02592592593
1 0.5385416667 0.4074074074 0.06666666667 0.03333333333
1 0.6494791667 0.3240740741 0.04479166667 0.04444444444
1 0.6005208333 0.4138888889 0.03645833333 0.03888888889
1 0.4739583333 0.5037037037 0.05416666667 0.05555555556
1 0.5989583333 0.3527777778 0.03541666667 0.03518518519
1 0.5604166667 0.462962963 0.06041666667 0.03333333333
