1 0.08020833333 0.4916666667 0.01666666667 0.02407407407
1 0.09479166667 0.8287037037 0.04583333333 0.02777777778
5 0.4651041667 0.9185185185 0.06145833333 0.1259259259
3 0.6010416667 0.9092592593 0.04166666667 0.05555555556
1 0.03020833333 0.9398148148 0.0375 0.02777777778
1 0.06510416667 0.8194444444 0.02395833333 0.02407407407
1 0.01822916667 0.7287037037 0.01979166667 0.02407407407
1 0.1494791667 0.7509259259 0.03229166667 0.02407407407
1 0.09635416667 0.6685185185 0.04895833333 0.02592592593
1 0.0828125 0.6212962963 0.028125 0.02037037037
1 0.04010416667 0.7981481481 0.03020833333 0.01851851852
