1 0.4598958333 0.9240740741 0.08854166667 0.06666666667
1 0.328125 0.837037037 0.1354166667 0.04814814815
1 0.5223958333 0.8138888889 0.128125 0.1055555556
1 0.3494791667 0.7518518519 0.09895833333 0.07777777778
1 0.4848958333 0.9351851852 0.134375 0.1148148148
1 0.2260416667 0.8351851852 0.1333333333 0.08888888889
1 0.5458333333 0.862962963 0.1395833333 0.1111111111
1 0.4588541667 0.7314814815 0.1364583333 0.1074074074
1 0.26875 0.9185185185 0.1270833333 0.06666666667
1 0.3453125 0.9768518519 0.1177083333 0.04259259259
1 0.2401041667 0.9731481481 0.071875 0.05
