5 0.4526041667 0.9333333333 0.07395833333 0.1074074074
3 0.6463541667 0.8055555556 0.04479166667 0.05555555556
1 0.01302083333 0.7305555556 0.02604166667 0.02407407407
1 0.04166666667 0.7712962963 0.06458333333 0.02777777778
1 0.01875 0.7064814815 0.0375 0.02777777778
1 0.05677083333 0.5648148148 0.07395833333 0.04444444444
1 0.0234375 0.8101851852 0.046875 0.03148148148
1 0.028125 0.8722222222 0.05625 0.04074074074
1 0.0453125 0.512037037 0.065625 0.04259259259
1 0.01770833333 0.7518518519 0.03541666667 0.02592592593
1 0.046875 0.3666666667 0.02916666667 0.1074074074
