5 0.4526041667 0.937037037 0.07395833333 0.1074074074
3 0.6416666667 0.8 0.0375 0.04814814815
1 0.01927083333 0.7648148148 0.03854166667 0.02592592593
1 0.0328125 0.712037037 0.06145833333 0.03888888889
1 0.02708333333 0.6194444444 0.05416666667 0.04259259259
1 0.02708333333 0.8657407407 0.05416666667 0.03148148148
1 0.03958333333 0.9740740741 0.07916666667 0.04814814815
1 0.03229166667 0.6694444444 0.06458333333 0.03148148148
1 0.04895833333 0.8305555556 0.08333333333 0.0462962963
1 0.021875 0.5277777778 0.04375 0.05185185185
