5 0.4526041667 0.9333333333 0.07395833333 0.1074074074
3 0.6453125 0.8037037037 0.04479166667 0.05555555556
1 0.0125 0.7305555556 0.025 0.02407407407
1 0.03333333333 0.7712962963 0.06458333333 0.02777777778
1 0.015625 0.7064814815 0.03125 0.02777777778
1 0.05052083333 0.5592592593 0.07604166667 0.03703703704
1 0.02395833333 0.8138888889 0.04791666667 0.03148148148
1 0.02916666667 0.8768518519 0.05833333333 0.0462962963
1 0.03645833333 0.5111111111 0.06875 0.03703703704
1 0.02864583333 0.75 0.05729166667 0.03703703704
1 0.0546875 0.3518518519 0.03854166667 0.07777777778
