1 0.534375 0.2777777778 0.05208333333 0.03333333333
1 0.5010416667 0.3574074074 0.06666666667 0.04074074074
1 0.5046875 0.4009259259 0.04895833333 0.03518518519
1 0.5390625 0.437037037 0.05104166667 0.02962962963
1 0.540625 0.4 0.05208333333 0.04074074074
1 0.5557291667 0.3064814815 0.05104166667 0.03148148148
1 0.503125 0.3666666667 0.06041666667 0.03333333333
1 0.5203125 0.5074074074 0.04895833333 0.02962962963
1 0.5708333333 0.4027777778 0.04166666667 0.03518518519
1 0.53125 0.4092592593 0.03541666667 0.02222222222
5 0.6041666667 0.9527777778 0.08333333333 0.09074074074
1 0.6296875 0.2222222222 0.04479166667 0.04814814815
1 0.5661458333 0.2092592593 0.03645833333 0.02592592593
1 0.5901041667 0.3416666667 0.04270833333 0.02777777778
1 0.6723958333 0.2777777778 0.04479166667 0.04444444444
1 0.6630208333 0.3564814815 0.03229166667 0.02777777778
1 0.5557291667 0.4666666667 0.04479166667 0.03333333333
1 0.5901041667 0.437037037 0.01979166667 0.02592592593
