5 0.471875 0.8925925926 0.04583333333 0.08518518519
1 0.7552083333 0.7157407407 0.06875 0.07592592593
1 0.6354166667 0.787962963 0.05833333333 0.09074074074
3 0.5546875 0.9407407407 0.040625 0.06666666667
1 0.6416666667 0.8490740741 0.05625 0.1759259259
1 0.7447916667 0.8287037037 0.05625 0.1537037037
1 0.8333333333 0.8611111111 0.025 0.07037037037
1 0.5895833333 0.9759259259 0.03333333333 0.04444444444
1 0.6671875 0.8574074074 0.028125 0.09259259259
1 0.6802083333 0.8564814815 0.06041666667 0.07962962963
1 0.7854166667 0.812037037 0.04583333333 0.05
1 0.8015625 0.725 0.053125 0.0537037037
1 0.6458333333 0.9574074074 0.0625 0.06666666667
