1 0.4385416667 0.7907407407 0.08958333333 0.07777777778
1 0.2682291667 0.5953703704 0.1177083333 0.1462962963
1 0.3484375 0.6981481481 0.115625 0.08148148148
1 0.4380208333 0.7194444444 0.1322916667 0.1537037037
1 0.2083333333 0.7027777778 0.09791666667 0.1611111111
1 0.5442708333 0.7592592593 0.134375 0.1037037037
1 0.4020833333 0.512037037 0.1375 0.1240740741
1 0.2348958333 0.7416666667 0.1260416667 0.09814814815
1 0.290625 0.8018518519 0.1041666667 0.1259259259
1 0.1666666667 0.887962963 0.125 0.09814814815
1 0.3098958333 0.8777777778 0.09479166667 0.0962962963
1 0.4078125 0.8722222222 0.1260416667 0.1666666667
1 0.1963541667 0.9055555556 0.1489583333 0.1518518519
1 0.2520833333 0.9768518519 0.08541666667 0.04259259259
1 0.4260416667 0.9694444444 0.04583333333 0.05740740741
