1 0.3578125 0.2731481481 0.07395833333 0.03518518519
1 0.3604166667 0.2907407407 0.06875 0.04814814815
1 0.3552083333 0.4435185185 0.06041666667 0.03148148148
1 0.3609375 0.4907407407 0.065625 0.04444444444
1 0.3713541667 0.5407407407 0.06145833333 0.05185185185
1 0.4041666667 0.3166666667 0.075 0.03703703704
1 0.3286458333 0.3990740741 0.06770833333 0.06851851852
1 0.384375 0.5592592593 0.04791666667 0.05185185185
1 0.4708333333 0.5203703704 0.06041666667 0.04074074074
5 0.6041666667 0.9527777778 0.08333333333 0.09074074074
1 0.540625 0.262962963 0.06875 0.03333333333
1 0.4729166667 0.1972222222 0.05833333333 0.02037037037
1 0.4557291667 0.4462962963 0.06145833333 0.04074074074
1 0.5552083333 0.3092592593 0.05625 0.02962962963
1 0.5140625 0.4611111111 0.053125 0.04814814815
1 0.3895833333 0.5972222222 0.06458333333 0.0462962963
1 0.5041666667 0.3583333333 0.07083333333 0.05740740741
1 0.421875 0.4462962963 0.04583333333 0.02962962963
1 0.4427083333 0.5157407407 0.05 0.03518518519
1 0.428125 0.487962963 0.05208333333 0.03148148148
