1 0.440625 0.7592592593 0.09791666667 0.1518518519
1 0.2765625 0.7203703704 0.08229166667 0.1851851852
1 0.5104166667 0.7981481481 0.09791666667 0.1111111111
1 0.3380208333 0.6731481481 0.084375 0.1388888889
1 0.3973958333 0.6777777778 0.084375 0.1222222222
1 0.2520833333 0.8527777778 0.1 0.1833333333
1 0.2828125 0.9712962963 0.06770833333 0.0537037037
1 0.3598958333 0.95 0.090625 0.0962962963
1 0.2338541667 0.8490740741 0.03854166667 0.07222222222
1 0.253125 0.6962962963 0.1020833333 0.1333333333
1 0.4963541667 0.9398148148 0.08645833333 0.1055555556
1 0.3697916667 0.912037037 0.08333333333 0.1055555556
1 0.3276041667 0.8018518519 0.07395833333 0.1222222222
1 0.5479166667 0.837962963 0.07708333333 0.1055555556
