5 0.471875 0.8925925926 0.04583333333 0.08518518519
1 0.7588541667 0.7305555556 0.059375 0.0537037037
1 0.675 0.7407407407 0.03333333333 0.05925925926
1 0.5661458333 0.9407407407 0.06145833333 0.1148148148
1 0.7015625 0.9333333333 0.08229166667 0.1296296296
1 0.8348958333 0.9138888889 0.03229166667 0.07222222222
1 0.7765625 0.9592592593 0.06354166667 0.07777777778
1 0.5875 0.9851851852 0.0375 0.02592592593
1 0.7666666667 0.9324074074 0.01875 0.1055555556
1 0.8333333333 0.762037037 0.075 0.06851851852
