1 0.2739583333 0.8796296296 0.08541666667 0.1074074074
1 0.1859375 0.9648148148 0.07604166667 0.06296296296
1 0.265625 0.6935185185 0.075 0.1462962963
1 0.3421875 0.8925925926 0.05520833333 0.06666666667
1 0.1697916667 0.912037037 0.1104166667 0.07962962963
1 0.1192708333 0.7907407407 0.07395833333 0.1
1 0.2802083333 0.5851851852 0.08541666667 0.2333333333
1 0.1375 0.6666666667 0.05208333333 0.1925925926
1 0.1755208333 0.762037037 0.07395833333 0.2462962963
1 0.3255208333 0.9462962963 0.1260416667 0.1037037037
1 0.0171875 0.7046296296 0.034375 0.1574074074
