1 0.24375 0.4083333333 0.06041666667 0.06111111111
1 0.203125 0.5203703704 0.0625 0.05555555556
1 0.2536458333 0.4981481481 0.05520833333 0.04814814815
1 0.3416666667 0.6342592593 0.05 0.03148148148
1 0.2677083333 0.6527777778 0.07708333333 0.06111111111
1 0.2671875 0.4537037037 0.07604166667 0.04814814815
1 0.2401041667 0.6398148148 0.05729166667 0.05740740741
1 0.4151041667 0.5638888889 0.059375 0.08333333333
1 0.3109375 0.7731481481 0.053125 0.03888888889
5 0.6041666667 0.9527777778 0.08333333333 0.09074074074
1 0.44375 0.262962963 0.075 0.06666666667
1 0.3223958333 0.262962963 0.059375 0.05925925926
1 0.3359375 0.5490740741 0.06979166667 0.05
1 0.40625 0.3194444444 0.07083333333 0.0462962963
1 0.4104166667 0.6046296296 0.06666666667 0.06851851852
1 0.2505208333 0.6833333333 0.04895833333 0.05185185185
1 0.4484375 0.4231481481 0.06770833333 0.07592592593
1 0.3125 0.6953703704 0.04791666667 0.04259259259
1 0.2848958333 0.5694444444 0.04270833333 0.04259259259
