5 0.4526041667 0.9351851852 0.07395833333 0.1074074074
3 0.6416666667 0.8 0.0375 0.04814814815
1 0.01927083333 0.7481481481 0.03854166667 0.02962962963
1 0.04270833333 0.7074074074 0.0625 0.03703703704
1 0.03125 0.6305555556 0.0625 0.04259259259
1 0.03125 0.8601851852 0.0625 0.04259259259
1 0.04583333333 0.9564814815 0.08541666667 0.0462962963
1 0.03177083333 0.6537037037 0.059375 0.02962962963
1 0.06614583333 0.8268518519 0.08020833333 0.05
1 0.02135416667 0.5175925926 0.04270833333 0.0462962963
