5 0.471875 0.8925925926 0.04583333333 0.08518518519
1 0.7515625 0.7166666667 0.065625 0.08888888889
1 0.6354166667 0.7712962963 0.06041666667 0.09814814815
3 0.5520833333 0.9407407407 0.03541666667 0.06296296296
1 0.628125 0.8435185185 0.06041666667 0.1722222222
1 0.7328125 0.8388888889 0.06145833333 0.1555555556
1 0.8333333333 0.8611111111 0.025 0.07037037037
1 0.58125 0.9657407407 0.04583333333 0.06481481481
1 0.6489583333 0.8444444444 0.02291666667 0.0962962963
1 0.6708333333 0.8314814815 0.06041666667 0.09259259259
1 0.7885416667 0.8083333333 0.05625 0.05
1 0.8208333333 0.712037037 0.05416666667 0.04259259259
1 0.64375 0.9314814815 0.06041666667 0.07037037037
