5 0.4526041667 0.9333333333 0.07395833333 0.1074074074
3 0.6463541667 0.812962963 0.04479166667 0.05555555556
1 0.0375 0.7157407407 0.06041666667 0.02777777778
1 0.06770833333 0.7703703704 0.05416666667 0.02962962963
1 0.04270833333 0.7194444444 0.06458333333 0.03888888889
1 0.06666666667 0.6259259259 0.06875 0.05925925926
1 0.0171875 0.8268518519 0.034375 0.03148148148
1 0.03229166667 0.8898148148 0.06458333333 0.04259259259
1 0.03385416667 0.6 0.046875 0.08148148148
1 0.01510416667 0.812037037 0.03020833333 0.02037037037
