5 0.4515625 0.9351851852 0.07395833333 0.1074074074
3 0.640625 0.8268518519 0.03958333333 0.05
1 0.1041666667 0.7796296296 0.05625 0.03703703704
1 0.09270833333 0.8564814815 0.06666666667 0.04259259259
1 0.06145833333 0.7759259259 0.05833333333 0.04074074074
1 0.0453125 0.8287037037 0.03645833333 0.02777777778
1 0.02916666667 0.7851851852 0.05833333333 0.06666666667
1 0.05364583333 0.9796296296 0.03854166667 0.03703703704
1 0.02135416667 0.912037037 0.04270833333 0.03148148148
1 0.01302083333 0.9351851852 0.02604166667 0.02962962963
