1 0.2229166667 0.4953703704 0.05208333333 0.05740740741
1 0.1838541667 0.5962962963 0.06145833333 0.08148148148
1 0.2125 0.5592592593 0.04375 0.05185185185
1 0.2614583333 0.6712962963 0.07916666667 0.05
1 0.2317708333 0.5009259259 0.065625 0.05740740741
1 0.2098958333 0.6814814815 0.05729166667 0.04444444444
1 0.3708333333 0.7064814815 0.06875 0.05
1 0.2770833333 0.8046296296 0.05 0.03888888889
5 0.6041666667 0.9527777778 0.08333333333 0.09074074074
1 0.4296875 0.375 0.07395833333 0.04259259259
1 0.2692708333 0.3842592593 0.06354166667 0.03888888889
1 0.3104166667 0.6092592593 0.07916666667 0.05185185185
1 0.3244791667 0.4148148148 0.07395833333 0.05925925926
1 0.3338541667 0.7472222222 0.06145833333 0.04259259259
1 0.2322916667 0.7166666667 0.06458333333 0.04444444444
1 0.4052083333 0.5185185185 0.07708333333 0.05555555556
1 0.278125 0.7305555556 0.04791666667 0.0462962963
1 0.26875 0.5944444444 0.05 0.02962962963
1 0.2541666667 0.6314814815 0.04166666667 0.02962962963
