1 0.4515625 0.8555555556 0.1010416667 0.1296296296
1 0.3119791667 0.8018518519 0.090625 0.1185185185
1 0.5166666667 0.8361111111 0.08958333333 0.09074074074
1 0.3723958333 0.7166666667 0.08020833333 0.0962962963
1 0.4588541667 0.7259259259 0.08854166667 0.1074074074
1 0.3046875 0.912037037 0.1177083333 0.1462962963
1 0.3020833333 0.9685185185 0.06875 0.05925925926
1 0.3942708333 0.9416666667 0.08645833333 0.112962963
1 0.2338541667 0.8490740741 0.03854166667 0.07222222222
1 0.2895833333 0.7490740741 0.08541666667 0.09074074074
1 0.5359375 0.9277777778 0.1010416667 0.1037037037
1 0.3552083333 0.8416666667 0.05625 0.09814814815
1 0.5557291667 0.8685185185 0.08645833333 0.08518518519
1 0.4697916667 0.9796296296 0.04791666667 0.03703703704
1 0.2598958333 0.9231481481 0.05729166667 0.09814814815
1 0.3739583333 0.9175925926 0.07083333333 0.08333333333
