1 0.3026041667 0.2537037037 0.059375 0.06296296296
1 0.3010416667 0.3361111111 0.05833333333 0.08333333333
1 0.2963541667 0.3925925926 0.046875 0.04814814815
1 0.325 0.5055555556 0.06458333333 0.04444444444
1 0.3328125 0.5546296296 0.06770833333 0.06481481481
1 0.3567708333 0.2907407407 0.06979166667 0.05185185185
1 0.2723958333 0.4527777778 0.06145833333 0.08703703704
1 0.3765625 0.5685185185 0.05104166667 0.04814814815
1 0.40625 0.6009259259 0.05625 0.03888888889
5 0.6041666667 0.9527777778 0.08333333333 0.09074074074
1 0.4864583333 0.2833333333 0.07291666667 0.03703703704
1 0.4145833333 0.1592592593 0.06041666667 0.02962962963
1 0.3942708333 0.4824074074 0.071875 0.0462962963
1 0.5119791667 0.3259259259 0.059375 0.03333333333
1 0.4854166667 0.5138888889 0.05208333333 0.05
1 0.3489583333 0.612962963 0.07708333333 0.04074074074
1 0.4619791667 0.4166666667 0.065625 0.07407407407
1 0.3880208333 0.4388888889 0.06354166667 0.02962962963
1 0.3859375 0.4925925926 0.05520833333 0.02592592593
