5 0.4526041667 0.9333333333 0.07395833333 0.1074074074
3 0.6463541667 0.8092592593 0.04479166667 0.05555555556
1 0.01666666667 0.7324074074 0.03333333333 0.02407407407
1 0.0515625 0.7731481481 0.06145833333 0.03148148148
1 0.02395833333 0.6990740741 0.04791666667 0.03148148148
1 0.06302083333 0.587037037 0.06979166667 0.05185185185
1 0.01927083333 0.8064814815 0.03854166667 0.03148148148
1 0.0265625 0.8527777778 0.053125 0.03888888889
1 0.05572916667 0.5296296296 0.06145833333 0.04814814815
1 0.01041666667 0.7675925926 0.02083333333 0.02777777778
1 0.028125 0.3805555556 0.025 0.1055555556
