5 0.4515625 0.9351851852 0.07395833333 0.1074074074
3 0.64375 0.8231481481 0.03958333333 0.05
1 0.1083333333 0.7527777778 0.05625 0.03888888889
1 0.1203125 0.8472222222 0.06145833333 0.04259259259
1 0.05625 0.7759259259 0.06875 0.04814814815
1 0.01822916667 0.7712962963 0.028125 0.02777777778
1 0.0484375 0.7287037037 0.06770833333 0.07222222222
1 0.03385416667 0.9314814815 0.06354166667 0.04074074074
1 0.0296875 0.8851851852 0.059375 0.04074074074
1 0.02083333333 0.9509259259 0.04166666667 0.02777777778
