1 0.4536458333 0.8574074074 0.1010416667 0.1296296296
1 0.3135416667 0.8 0.08958333333 0.1185185185
1 0.5177083333 0.837037037 0.0875 0.08888888889
1 0.378125 0.7157407407 0.07708333333 0.09444444444
1 0.4619791667 0.725 0.09479166667 0.1092592593
1 0.3052083333 0.9148148148 0.1125 0.1481481481
1 0.303125 0.9694444444 0.0625 0.05740740741
1 0.3973958333 0.9435185185 0.084375 0.1092592593
1 0.2338541667 0.8490740741 0.03854166667 0.07222222222
1 0.2947916667 0.7490740741 0.09375 0.09814814815
1 0.5416666667 0.9231481481 0.1020833333 0.09814814815
1 0.3604166667 0.8398148148 0.05625 0.09814814815
1 0.5567708333 0.8666666667 0.08645833333 0.08518518519
1 0.4729166667 0.9796296296 0.04791666667 0.03703703704
1 0.2619791667 0.9351851852 0.05520833333 0.08518518519
1 0.3734375 0.9185185185 0.07604166667 0.08518518519
