1 0.2526041667 0.3898148148 0.05729166667 0.06851851852
1 0.2109375 0.512962963 0.06354166667 0.05925925926
1 0.2489583333 0.4722222222 0.03958333333 0.04814814815
1 0.3322916667 0.6111111111 0.0375 0.02962962963
1 0.2765625 0.6453703704 0.07604166667 0.05740740741
1 0.2776041667 0.4351851852 0.071875 0.05555555556
1 0.2442708333 0.6324074074 0.05520833333 0.05740740741
1 0.4197916667 0.5546296296 0.05 0.07222222222
1 0.3302083333 0.7490740741 0.05208333333 0.04259259259
5 0.6041666667 0.9527777778 0.08333333333 0.09074074074
1 0.446875 0.2472222222 0.075 0.06851851852
1 0.328125 0.2453703704 0.04791666667 0.0462962963
1 0.3442708333 0.5259259259 0.08020833333 0.05925925926
1 0.4135416667 0.312962963 0.075 0.05925925926
1 0.4276041667 0.5842592593 0.065625 0.06851851852
1 0.2588541667 0.6768518519 0.04895833333 0.04259259259
1 0.4520833333 0.4222222222 0.07083333333 0.07777777778
1 0.3088541667 0.6833333333 0.040625 0.03703703704
1 0.2895833333 0.5453703704 0.03958333333 0.04259259259
