5 0.471875 0.8925925926 0.04583333333 0.08518518519
1 0.7557291667 0.7166666667 0.065625 0.08518518519
1 0.6354166667 0.7777777778 0.06041666667 0.0962962963
3 0.5520833333 0.9407407407 0.03541666667 0.06296296296
1 0.6333333333 0.8462962963 0.06041666667 0.1777777778
1 0.7354166667 0.8333333333 0.05833333333 0.1592592593
1 0.8333333333 0.8611111111 0.025 0.07037037037
1 0.5848958333 0.9694444444 0.04270833333 0.05740740741
1 0.6552083333 0.8444444444 0.02708333333 0.0962962963
1 0.6744791667 0.837962963 0.06145833333 0.07962962963
1 0.7885416667 0.8101851852 0.05833333333 0.05
1 0.8088541667 0.7175925926 0.05104166667 0.0462962963
1 0.6427083333 0.9416666667 0.06041666667 0.06481481481
