1 0.4578125 0.2657407407 0.06979166667 0.0462962963
1 0.4125 0.3083333333 0.05833333333 0.02777777778
1 0.4255208333 0.4175925926 0.053125 0.03518518519
1 0.4572916667 0.4212962963 0.06875 0.0462962963
1 0.4557291667 0.4240740741 0.06979166667 0.05185185185
1 0.4765625 0.2962962963 0.06770833333 0.02962962963
1 0.4234375 0.3722222222 0.06979166667 0.05185185185
1 0.4208333333 0.5055555556 0.04375 0.03333333333
1 0.5296875 0.5259259259 0.05520833333 0.02962962963
1 0.4390625 0.4657407407 0.04479166667 0.02777777778
5 0.6041666667 0.9527777778 0.08333333333 0.09074074074
1 0.6359375 0.2666666667 0.065625 0.03703703704
1 0.5447916667 0.2231481481 0.06458333333 0.02777777778
1 0.5161458333 0.3972222222 0.059375 0.03888888889
1 0.6463541667 0.3277777778 0.04479166667 0.04444444444
1 0.5875 0.437962963 0.03541666667 0.03518518519
1 0.4479166667 0.5231481481 0.05833333333 0.06851851852
1 0.5890625 0.3685185185 0.040625 0.03703703704
1 0.5411458333 0.45 0.05520833333 0.02962962963
1 0.4864583333 0.4462962963 0.05416666667 0.04074074074
