5 0.4526041667 0.9333333333 0.07395833333 0.1074074074
3 0.6432291667 0.8055555556 0.04479166667 0.05555555556
1 0.0125 0.7287037037 0.025 0.02037037037
1 0.025 0.7685185185 0.05 0.01851851852
1 0.01614583333 0.7101851852 0.03229166667 0.02777777778
1 0.04166666667 0.562037037 0.075 0.03518518519
1 0.02291666667 0.8305555556 0.04583333333 0.02777777778
1 0.0296875 0.8777777778 0.059375 0.05185185185
1 0.03177083333 0.9768518519 0.06354166667 0.04259259259
1 0.02864583333 0.5287037037 0.05729166667 0.03888888889
1 0.03072916667 0.7527777778 0.059375 0.03148148148
1 0.04583333333 0.362037037 0.06458333333 0.06851851852
