5 0.4526041667 0.9333333333 0.07395833333 0.1074074074
3 0.6421875 0.8055555556 0.04479166667 0.05555555556
1 0.0125 0.7287037037 0.025 0.01666666667
1 0.02135416667 0.7731481481 0.04270833333 0.01666666667
1 0.01770833333 0.7148148148 0.03333333333 0.02592592593
1 0.03489583333 0.5675925926 0.06979166667 0.03148148148
1 0.0234375 0.8388888889 0.046875 0.02592592593
1 0.03229166667 0.8768518519 0.06458333333 0.05740740741
1 0.0359375 0.9740740741 0.06979166667 0.04814814815
1 0.02447916667 0.5444444444 0.04895833333 0.03703703704
1 0.040625 0.7564814815 0.05833333333 0.03148148148
1 0.0359375 0.375 0.06354166667 0.07222222222
