1 0.2395833333 0.4138888889 0.0625 0.06111111111
1 0.2020833333 0.5222222222 0.0625 0.05925925926
1 0.2494791667 0.5037037037 0.05520833333 0.04444444444
1 0.3375 0.6361111111 0.05416666667 0.03148148148
1 0.2677083333 0.6509259259 0.07708333333 0.06111111111
1 0.2651041667 0.4583333333 0.07604166667 0.0462962963
1 0.2390625 0.6416666667 0.05729166667 0.05740740741
1 0.4119791667 0.5722222222 0.065625 0.07777777778
1 0.3109375 0.775 0.053125 0.03888888889
5 0.6041666667 0.9527777778 0.08333333333 0.09074074074
1 0.44375 0.2648148148 0.075 0.07037037037
1 0.3192708333 0.2731481481 0.053125 0.0537037037
1 0.3359375 0.5537037037 0.06979166667 0.04814814815
1 0.4041666667 0.3194444444 0.07291666667 0.0462962963
1 0.4104166667 0.6046296296 0.06666666667 0.06851851852
1 0.2505208333 0.6851851852 0.053125 0.05555555556
1 0.4473958333 0.4231481481 0.06770833333 0.07592592593
1 0.3125 0.6972222222 0.04791666667 0.04259259259
1 0.2848958333 0.5740740741 0.04270833333 0.04074074074
