5 0.471875 0.8925925926 0.04583333333 0.08518518519
1 0.7598958333 0.712962963 0.06770833333 0.05925925926
1 0.6729166667 0.737962963 0.04791666667 0.07222222222
1 0.5723958333 0.9231481481 0.078125 0.15
1 0.7072916667 0.9203703704 0.07708333333 0.1296296296
1 0.8354166667 0.8814814815 0.02708333333 0.0962962963
1 0.7947916667 0.9398148148 0.02708333333 0.09814814815
1 0.5869791667 0.9777777778 0.05104166667 0.04074074074
1 0.7739583333 0.8842592593 0.01875 0.1055555556
1 0.834375 0.7601851852 0.075 0.06851851852
