1 0.4333333333 0.7648148148 0.06458333333 0.1
1 0.4901041667 0.662962963 0.06979166667 0.1259259259
1 0.4328125 0.6444444444 0.1072916667 0.1592592593
1 0.2015625 0.575 0.109375 0.1833333333
1 0.5015625 0.7166666667 0.09270833333 0.137037037
1 0.3432291667 0.4898148148 0.09479166667 0.1314814815
1 0.2171875 0.7287037037 0.09895833333 0.1018518519
1 0.2921875 0.7361111111 0.09895833333 0.15
1 0.1572916667 0.8175925926 0.07916666667 0.1351851852
1 0.3552083333 0.7083333333 0.07916666667 0.09074074074
1 0.2932291667 0.8453703704 0.1302083333 0.1944444444
1 0.2234375 0.9277777778 0.071875 0.1407407407
1 0.309375 0.9222222222 0.09791666667 0.1296296296
1 0.3817708333 0.9611111111 0.034375 0.05925925926
1 0.2302083333 0.5851851852 0.1125 0.1444444444
1 0.4296875 0.9018518519 0.09270833333 0.1148148148
1 0.328125 0.8564814815 0.08958333333 0.1092592593
