5 0.4515625 0.9351851852 0.07395833333 0.1074074074
3 0.6453125 0.8148148148 0.04479166667 0.05555555556
1 0.0453125 0.7101851852 0.06354166667 0.02777777778
1 0.06875 0.7722222222 0.05416666667 0.03333333333
1 0.04583333333 0.7314814815 0.06041666667 0.04074074074
1 0.06770833333 0.6277777778 0.07083333333 0.05925925926
1 0.01822916667 0.8314814815 0.03645833333 0.03333333333
1 0.0296875 0.8944444444 0.059375 0.04814814815
1 0.0234375 0.6101851852 0.040625 0.09074074074
1 0.01510416667 0.8111111111 0.03020833333 0.02222222222
