1 0.4447916667 0.7824074074 0.09375 0.1462962963
1 0.2890625 0.75 0.08229166667 0.1851851852
1 0.5197916667 0.8064814815 0.1 0.1055555556
1 0.3578125 0.6685185185 0.09895833333 0.137037037
1 0.4098958333 0.687037037 0.08020833333 0.1148148148
1 0.2697916667 0.8685185185 0.10625 0.1814814815
1 0.2911458333 0.9787037037 0.065625 0.03888888889
1 0.3598958333 0.9444444444 0.090625 0.1074074074
1 0.2338541667 0.8490740741 0.03854166667 0.07222222222
1 0.2588541667 0.7222222222 0.096875 0.1333333333
1 0.5026041667 0.9305555556 0.07395833333 0.08703703704
1 0.3265625 0.8259259259 0.06979166667 0.1222222222
1 0.5557291667 0.8546296296 0.084375 0.09074074074
1 0.4661458333 0.9861111111 0.04895833333 0.02407407407
