5 0.471875 0.8925925926 0.04583333333 0.08518518519
1 0.7515625 0.7074074074 0.065625 0.1
1 0.6395833333 0.7675925926 0.05625 0.1055555556
3 0.5526041667 0.9407407407 0.03645833333 0.06666666667
1 0.6197916667 0.8472222222 0.05833333333 0.1648148148
1 0.728125 0.8574074074 0.06875 0.1407407407
1 0.8333333333 0.8611111111 0.025 0.07037037037
1 0.5828125 0.9546296296 0.05729166667 0.08703703704
1 0.6380208333 0.8518518519 0.01770833333 0.1
1 0.6755208333 0.8064814815 0.065625 0.08703703704
1 0.7875 0.7990740741 0.05833333333 0.07592592593
1 0.6479166667 0.9333333333 0.06875 0.08518518519
1 0.8255208333 0.7101851852 0.065625 0.0537037037
