5 0.4515625 0.9351851852 0.07395833333 0.1074074074
3 0.6427083333 0.8231481481 0.03958333333 0.05
1 0.1098958333 0.762037037 0.053125 0.04259259259
1 0.1161458333 0.8555555556 0.06354166667 0.04074074074
1 0.06145833333 0.7777777778 0.06666666667 0.04074074074
1 0.04739583333 0.8037037037 0.04895833333 0.03333333333
1 0.03802083333 0.7416666667 0.06354166667 0.06481481481
1 0.04791666667 0.9527777778 0.05625 0.04259259259
1 0.03072916667 0.8898148148 0.06145833333 0.04259259259
1 0.01458333333 0.9287037037 0.02916666667 0.03148148148
