1 0.378125 0.287037037 0.07708333333 0.04074074074
1 0.3723958333 0.2953703704 0.06354166667 0.03148148148
1 0.3635416667 0.4453703704 0.06041666667 0.03148148148
1 0.3927083333 0.4805555556 0.06458333333 0.03888888889
1 0.3838541667 0.5222222222 0.05104166667 0.05185185185
1 0.4234375 0.3111111111 0.06979166667 0.03703703704
1 0.353125 0.3990740741 0.07083333333 0.05
1 0.3875 0.5398148148 0.0375 0.04259259259
1 0.4854166667 0.5157407407 0.06458333333 0.03148148148
5 0.6041666667 0.9527777778 0.08333333333 0.09074074074
1 0.5703125 0.2712962963 0.07395833333 0.03148148148
1 0.4619791667 0.4287037037 0.06145833333 0.03518518519
1 0.5817708333 0.3157407407 0.065625 0.03148148148
1 0.5322916667 0.4518518519 0.05833333333 0.03703703704
1 0.4083333333 0.5722222222 0.06458333333 0.04814814815
1 0.5265625 0.3425925926 0.05729166667 0.05185185185
1 0.4333333333 0.4351851852 0.04583333333 0.03333333333
1 0.4640625 0.487037037 0.05520833333 0.04814814815
1 0.4421875 0.4666666667 0.059375 0.04074074074
