1 0.4411458333 0.7703703704 0.06145833333 0.1
1 0.4916666667 0.7037037037 0.05625 0.1296296296
1 0.4286458333 0.6703703704 0.103125 0.1592592593
1 0.2020833333 0.5972222222 0.09583333333 0.187037037
1 0.4869791667 0.7546296296 0.078125 0.1277777778
1 0.3359375 0.5194444444 0.09479166667 0.1425925926
1 0.2276041667 0.7324074074 0.09895833333 0.09444444444
1 0.2953125 0.7611111111 0.1010416667 0.1444444444
1 0.1703125 0.8222222222 0.07604166667 0.1407407407
1 0.3645833333 0.7027777778 0.07916666667 0.09074074074
1 0.2895833333 0.8305555556 0.1416666667 0.187037037
1 0.2328125 0.9416666667 0.078125 0.112962963
1 0.3135416667 0.9222222222 0.08958333333 0.1444444444
1 0.2317708333 0.6046296296 0.1072916667 0.1462962963
1 0.4364583333 0.912037037 0.0875 0.1277777778
1 0.3317708333 0.8574074074 0.08229166667 0.1185185185
