1 0.3203125 0.25 0.05104166667 0.04814814815
1 0.3234375 0.3055555556 0.04895833333 0.06666666667
1 0.3390625 0.5055555556 0.065625 0.04444444444
1 0.3572916667 0.5537037037 0.06875 0.05185185185
1 0.3744791667 0.3009259259 0.07395833333 0.0462962963
1 0.296875 0.4212962963 0.06458333333 0.07222222222
1 0.3776041667 0.5694444444 0.05104166667 0.0462962963
1 0.4385416667 0.5722222222 0.05416666667 0.04444444444
5 0.6041666667 0.9527777778 0.08333333333 0.09074074074
1 0.5109375 0.2694444444 0.07395833333 0.03518518519
1 0.440625 0.1888888889 0.0625 0.02962962963
1 0.4307291667 0.4675925926 0.071875 0.05
1 0.534375 0.312962963 0.07083333333 0.02962962963
1 0.4989583333 0.4814814815 0.05416666667 0.05925925926
1 0.3692708333 0.6055555556 0.07604166667 0.04074074074
1 0.4713541667 0.3990740741 0.06354166667 0.07962962963
1 0.3401041667 0.587037037 0.03020833333 0.02592592593
1 0.4020833333 0.4481481481 0.05625 0.02962962963
1 0.4151041667 0.5490740741 0.05104166667 0.03888888889
1 0.3958333333 0.4972222222 0.06458333333 0.03148148148
