1 0.3109375 0.25 0.05729166667 0.05555555556
1 0.3114583333 0.3175925926 0.05208333333 0.07222222222
1 0.2994791667 0.4 0.046875 0.03703703704
1 0.3375 0.5055555556 0.06458333333 0.04444444444
1 0.3458333333 0.5546296296 0.06875 0.05
1 0.3651041667 0.2972222222 0.07395833333 0.0462962963
1 0.284375 0.4407407407 0.06458333333 0.06666666667
1 0.3765625 0.5685185185 0.05104166667 0.04814814815
1 0.4265625 0.5851851852 0.05520833333 0.04444444444
5 0.6041666667 0.9527777778 0.08333333333 0.09074074074
1 0.4984375 0.2768518519 0.071875 0.03148148148
1 0.4270833333 0.1777777778 0.06041666667 0.02962962963
1 0.4130208333 0.4712962963 0.071875 0.0462962963
1 0.5302083333 0.3157407407 0.07083333333 0.03148148148
1 0.490625 0.4972222222 0.05625 0.0537037037
1 0.3588541667 0.6092592593 0.07604166667 0.04074074074
1 0.4635416667 0.412962963 0.06041666667 0.07037037037
1 0.3973958333 0.4444444444 0.065625 0.02962962963
1 0.4078125 0.5509259259 0.04479166667 0.03518518519
1 0.3916666667 0.4962962963 0.06041666667 0.02962962963
