1 0.2822916667 0.2833333333 0.06041666667 0.04814814815
1 0.2708333333 0.3916666667 0.06041666667 0.07962962963
1 0.2807291667 0.3925925926 0.04479166667 0.04074074074
1 0.2994791667 0.5166666667 0.053125 0.04444444444
1 0.3151041667 0.5592592593 0.059375 0.08148148148
1 0.3270833333 0.3046296296 0.07291666667 0.07592592593
1 0.2515625 0.512962963 0.05520833333 0.08888888889
1 0.384375 0.5657407407 0.05208333333 0.0537037037
1 0.3817708333 0.6157407407 0.065625 0.0537037037
5 0.6041666667 0.9527777778 0.08333333333 0.09074074074
1 0.4692708333 0.2740740741 0.078125 0.04074074074
1 0.3973958333 0.137962963 0.05520833333 0.03518518519
1 0.3734375 0.4851851852 0.071875 0.04814814815
1 0.4697916667 0.3314814815 0.08125 0.02962962963
1 0.4645833333 0.5435185185 0.0625 0.05740740741
1 0.3161458333 0.6157407407 0.05520833333 0.04259259259
1 0.4609375 0.4175925926 0.06979166667 0.07592592593
1 0.3338541667 0.5833333333 0.03020833333 0.02592592593
1 0.3614583333 0.4194444444 0.05833333333 0.0462962963
1 0.3583333333 0.4935185185 0.04791666667 0.03148148148
