5 0.4526041667 0.9333333333 0.07395833333 0.1074074074
3 0.6416666667 0.8018518519 0.04166666667 0.04814814815
1 0.0171875 0.725 0.034375 0.02037037037
1 0.01041666667 0.8222222222 0.02083333333 0.02222222222
1 0.04791666667 0.7157407407 0.0625 0.0537037037
1 0.03385416667 0.6342592593 0.06770833333 0.03148148148
1 0.03177083333 0.8703703704 0.06145833333 0.04444444444
1 0.05677083333 0.9462962963 0.08645833333 0.04814814815
1 0.04583333333 0.6388888889 0.05416666667 0.02962962963
1 0.0828125 0.8138888889 0.08229166667 0.04259259259
1 0.015625 0.4953703704 0.03125 0.05740740741
