1 0.09479166667 0.8277777778 0.04583333333 0.02962962963
5 0.4651041667 0.9185185185 0.06145833333 0.1259259259
3 0.6010416667 0.9092592593 0.04166666667 0.05555555556
1 0.03020833333 0.9361111111 0.0375 0.02777777778
1 0.0640625 0.8203703704 0.02395833333 0.02592592593
1 0.01614583333 0.7268518519 0.01979166667 0.02407407407
1 0.1494791667 0.75 0.03229166667 0.02222222222
1 0.0953125 0.6666666667 0.04895833333 0.02592592593
1 0.08072916667 0.6194444444 0.028125 0.02037037037
1 0.0375 0.7944444444 0.03125 0.01851851852
