1 0.2697916667 0.3388888889 0.0625 0.04444444444
1 0.24375 0.4675925926 0.06458333333 0.06481481481
1 0.2588541667 0.4111111111 0.03854166667 0.04444444444
1 0.3088541667 0.5472222222 0.04479166667 0.05
1 0.3010416667 0.5833333333 0.06875 0.08888888889
1 0.303125 0.3759259259 0.06875 0.06666666667
1 0.2447916667 0.6046296296 0.05 0.06481481481
1 0.3963541667 0.5462962963 0.04479166667 0.08888888889
1 0.3572916667 0.6574074074 0.05 0.06666666667
5 0.6041666667 0.9527777778 0.08333333333 0.09074074074
1 0.45 0.2481481481 0.07291666667 0.04074074074
1 0.3645833333 0.1574074074 0.07083333333 0.07777777778
1 0.3552083333 0.4824074074 0.07291666667 0.07962962963
1 0.4270833333 0.3083333333 0.06666666667 0.04259259259
1 0.4416666667 0.5703703704 0.05833333333 0.04444444444
1 0.2859375 0.6685185185 0.06979166667 0.03703703704
1 0.4557291667 0.4277777778 0.06979166667 0.06296296296
1 0.3229166667 0.6231481481 0.0375 0.03518518519
1 0.3161458333 0.4583333333 0.053125 0.05740740741
