5 0.4526041667 0.9333333333 0.07395833333 0.1074074074
3 0.6416666667 0.8 0.0375 0.04814814815
1 0.01822916667 0.7351851852 0.03645833333 0.02592592593
1 0.04791666667 0.7064814815 0.0625 0.03888888889
1 0.03177083333 0.6416666667 0.06354166667 0.0462962963
1 0.03125 0.8611111111 0.0625 0.04814814815
1 0.04427083333 0.9444444444 0.08854166667 0.04444444444
1 0.0359375 0.6425925926 0.06354166667 0.02962962963
1 0.07552083333 0.8212962963 0.08020833333 0.0462962963
1 0.01770833333 0.5092592593 0.03541666667 0.04444444444
