1 0.4348958333 0.7305555556 0.09479166667 0.1685185185
1 0.2494791667 0.6972222222 0.08645833333 0.1907407407
1 0.5020833333 0.7944444444 0.1 0.1111111111
1 0.3265625 0.6462962963 0.09270833333 0.1481481481
1 0.2895833333 0.7462962963 0.07916666667 0.08518518519
1 0.2192708333 0.8944444444 0.04895833333 0.06296296296
1 0.3890625 0.6666666667 0.09895833333 0.1111111111
1 0.2651041667 0.812962963 0.1385416667 0.162962963
1 0.2588541667 0.9481481481 0.08645833333 0.1
1 0.359375 0.9509259259 0.08958333333 0.09444444444
1 0.2338541667 0.8490740741 0.03854166667 0.07222222222
1 0.2395833333 0.6481481481 0.1041666667 0.1444444444
1 0.4776041667 0.9361111111 0.090625 0.1240740741
1 0.3557291667 0.9 0.08229166667 0.1074074074
1 0.3140625 0.8027777778 0.07604166667 0.1203703704
