1 0.440625 0.2694444444 0.07708333333 0.0462962963
1 0.4046875 0.3064814815 0.06145833333 0.02777777778
1 0.4145833333 0.4287037037 0.05208333333 0.03148148148
1 0.4489583333 0.4277777778 0.07083333333 0.05555555556
1 0.4369791667 0.4342592593 0.065625 0.05
1 0.4703125 0.2972222222 0.071875 0.03148148148
1 0.40625 0.3777777778 0.07083333333 0.04814814815
1 0.4140625 0.5037037037 0.04479166667 0.03703703704
1 0.515625 0.5222222222 0.05625 0.02962962963
1 0.4296875 0.4657407407 0.04479166667 0.02777777778
5 0.6041666667 0.9527777778 0.08333333333 0.09074074074
1 0.6208333333 0.2722222222 0.06666666667 0.03703703704
1 0.540625 0.2148148148 0.06458333333 0.02592592593
1 0.503125 0.3962962963 0.06041666667 0.04444444444
1 0.621875 0.3333333333 0.04791666667 0.04074074074
1 0.5770833333 0.4425925926 0.03541666667 0.03703703704
1 0.4385416667 0.5314814815 0.05833333333 0.06666666667
1 0.5765625 0.3722222222 0.04895833333 0.03333333333
1 0.5276041667 0.4555555556 0.059375 0.04074074074
1 0.4755208333 0.4481481481 0.04895833333 0.04074074074
