5 0.4526041667 0.9333333333 0.07395833333 0.1074074074
3 0.6411458333 0.8018518519 0.04479166667 0.05555555556
1 0.01354166667 0.7222222222 0.02708333333 0.01851851852
1 0.01770833333 0.812037037 0.03541666667 0.02037037037
1 0.03333333333 0.7166666667 0.05625 0.05185185185
1 0.0296875 0.6277777778 0.059375 0.03703703704
1 0.03697916667 0.8796296296 0.06770833333 0.03333333333
1 0.0671875 0.9648148148 0.08229166667 0.04444444444
1 0.040625 0.6092592593 0.06458333333 0.02962962963
1 0.08125 0.8018518519 0.07708333333 0.05185185185
1 0.01145833333 0.4583333333 0.02291666667 0.06481481481
