5 0.471875 0.8925925926 0.04583333333 0.08518518519
1 0.7505208333 0.7037037037 0.065625 0.1
1 0.653125 0.7592592593 0.05833333333 0.1222222222
3 0.553125 0.937962963 0.03125 0.05740740741
1 0.5953125 0.8805555556 0.07395833333 0.1648148148
1 0.7145833333 0.8824074074 0.08125 0.1203703704
1 0.8338541667 0.8638888889 0.02604166667 0.07592592593
1 0.8072916667 0.8916666667 0.02708333333 0.09814814815
1 0.5838541667 0.9638888889 0.05104166667 0.06851851852
1 0.5963541667 0.8861111111 0.01979166667 0.1166666667
1 0.7114583333 0.8018518519 0.09166666667 0.06296296296
1 0.7885416667 0.8138888889 0.03958333333 0.08333333333
1 0.6828125 0.9666666667 0.065625 0.06296296296
1 0.834375 0.7324074074 0.07083333333 0.06111111111
