5 0.4526041667 0.9416666667 0.07395833333 0.09814814815
3 0.6427083333 0.8 0.0375 0.04814814815
1 0.01614583333 0.7833333333 0.03229166667 0.02222222222
1 0.0296875 0.7175925926 0.05520833333 0.02777777778
1 0.02291666667 0.6175925926 0.04583333333 0.03148148148
1 0.028125 0.8787037037 0.05625 0.03148148148
1 0.02916666667 0.987037037 0.05833333333 0.02222222222
1 0.03645833333 0.6814814815 0.07083333333 0.03333333333
1 0.0359375 0.8305555556 0.071875 0.05
1 0.0140625 0.5490740741 0.028125 0.03148148148
