1 0.08802083333 0.5018518519 0.034375 0.02592592593
1 0.096875 0.8333333333 0.04583333333 0.02592592593
5 0.4651041667 0.9185185185 0.06145833333 0.1259259259
3 0.6010416667 0.9092592593 0.04166666667 0.05555555556
1 0.03020833333 0.9546296296 0.0375 0.02777777778
1 0.07395833333 0.8203703704 0.025 0.02222222222
1 0.01614583333 0.8814814815 0.03020833333 0.04814814815
1 0.03125 0.7361111111 0.02291666667 0.02777777778
1 0.009895833333 0.5546296296 0.01979166667 0.02037037037
1 0.0125 0.6175925926 0.025 0.02407407407
1 0.146875 0.7685185185 0.03333333333 0.02222222222
1 0.1083333333 0.6916666667 0.04791666667 0.02777777778
1 0.0984375 0.6305555556 0.028125 0.02037037037
1 0.05520833333 0.8148148148 0.02708333333 0.01851851852
