1 0.2244791667 0.487037037 0.05104166667 0.05555555556
1 0.1838541667 0.5796296296 0.06145833333 0.08518518519
1 0.2177083333 0.5509259259 0.04583333333 0.0537037037
1 0.2739583333 0.6601851852 0.07291666667 0.05
1 0.2338541667 0.4888888889 0.065625 0.07037037037
1 0.2140625 0.6759259259 0.05729166667 0.04814814815
1 0.3786458333 0.6935185185 0.06770833333 0.05740740741
1 0.2770833333 0.8018518519 0.05 0.04074074074
5 0.6041666667 0.9527777778 0.08333333333 0.09074074074
1 0.4260416667 0.3611111111 0.07083333333 0.04074074074
1 0.2822916667 0.3657407407 0.06666666667 0.04259259259
1 0.3177083333 0.6018518519 0.07916666667 0.04814814815
1 0.3328125 0.4 0.07395833333 0.05555555556
1 0.3401041667 0.7416666667 0.06145833333 0.04259259259
1 0.234375 0.7111111111 0.06458333333 0.04814814815
1 0.409375 0.5018518519 0.07083333333 0.07037037037
1 0.2791666667 0.7268518519 0.04791666667 0.0462962963
1 0.2708333333 0.5944444444 0.05 0.02962962963
1 0.2557291667 0.6314814815 0.040625 0.02962962963
