5 0.471875 0.8925925926 0.04583333333 0.08518518519
1 0.7619791667 0.7166666667 0.06770833333 0.05925925926
1 0.6744791667 0.7407407407 0.040625 0.05925925926
1 0.5692708333 0.9277777778 0.07395833333 0.1407407407
1 0.70625 0.9222222222 0.07708333333 0.1296296296
1 0.8364583333 0.8861111111 0.02708333333 0.09074074074
1 0.7927083333 0.9509259259 0.03541666667 0.09444444444
1 0.5864583333 0.9787037037 0.05 0.03888888889
1 0.771875 0.8925925926 0.01875 0.1148148148
1 0.834375 0.762037037 0.075 0.06851851852
