5 0.471875 0.8925925926 0.04583333333 0.08518518519
1 0.7505208333 0.7009259259 0.065625 0.08703703704
1 0.6635416667 0.7462962963 0.0625 0.1222222222
1 0.5838541667 0.9 0.090625 0.1740740741
1 0.7125 0.8898148148 0.08125 0.112962963
1 0.8359375 0.8703703704 0.02604166667 0.0962962963
1 0.8083333333 0.9027777778 0.02708333333 0.09814814815
1 0.5885416667 0.9694444444 0.06041666667 0.05740740741
1 0.5734375 0.9231481481 0.01770833333 0.15
1 0.7276041667 0.8101851852 0.084375 0.05
1 0.6963541667 0.9740740741 0.03645833333 0.04814814815
1 0.8291666667 0.7407407407 0.07083333333 0.05925925926
