1 0.5182291667 0.7351851852 0.04270833333 0.06296296296
1 0.4375 0.6981481481 0.10625 0.1481481481
1 0.2151041667 0.6583333333 0.078125 0.1796296296
1 0.4828125 0.7925925926 0.07395833333 0.1
1 0.315625 0.6166666667 0.08125 0.1259259259
1 0.2432291667 0.7518518519 0.08229166667 0.1037037037
1 0.1984375 0.8388888889 0.071875 0.137037037
1 0.3911458333 0.6694444444 0.1010416667 0.1092592593
1 0.2916666667 0.7990740741 0.15625 0.1796296296
1 0.2463541667 0.9444444444 0.08854166667 0.1074074074
1 0.3328125 0.9444444444 0.084375 0.1074074074
1 0.2338541667 0.8490740741 0.03854166667 0.07222222222
1 0.2322916667 0.6287037037 0.1145833333 0.1203703704
1 0.446875 0.9296296296 0.08333333333 0.0962962963
1 0.3354166667 0.8740740741 0.08333333333 0.1259259259
1 0.4390625 0.9574074074 0.07395833333 0.07777777778
