5 0.4526041667 0.9333333333 0.07395833333 0.1074074074
3 0.6463541667 0.812962963 0.04479166667 0.05555555556
1 0.0296875 0.7212962963 0.05729166667 0.02777777778
1 0.06666666667 0.7694444444 0.05416666667 0.02777777778
1 0.0390625 0.7046296296 0.059375 0.02777777778
1 0.06458333333 0.6185185185 0.06666666667 0.06296296296
1 0.01666666667 0.8231481481 0.03333333333 0.03148148148
1 0.03020833333 0.8851851852 0.06041666667 0.04444444444
1 0.0296875 0.5740740741 0.021875 0.04074074074
1 0.01510416667 0.8083333333 0.03020833333 0.02777777778
