5 0.4515625 0.9351851852 0.07395833333 0.1074074074
3 0.64375 0.8212962963 0.04375 0.0537037037
1 0.09791666667 0.7398148148 0.05833333333 0.0462962963
1 0.1182291667 0.8296296296 0.06354166667 0.03703703704
1 0.0609375 0.7861111111 0.06770833333 0.04259259259
1 0.01822916667 0.7472222222 0.03645833333 0.02407407407
1 0.05520833333 0.7046296296 0.05416666667 0.06111111111
1 0.01510416667 0.9055555556 0.03020833333 0.02962962963
1 0.03020833333 0.8777777778 0.06041666667 0.04814814815
1 0.025 0.9481481481 0.05 0.04444444444
