1 0.2859375 0.6157407407 0.103125 0.1166666667
1 0.4739583333 0.7361111111 0.1333333333 0.09814814815
1 0.3484375 0.7212962963 0.1114583333 0.1092592593
1 0.4229166667 0.8037037037 0.10625 0.1037037037
1 0.2005208333 0.7314814815 0.09270833333 0.1444444444
1 0.5697916667 0.7851851852 0.1375 0.1148148148
1 0.4166666667 0.5666666667 0.1520833333 0.1
1 0.2453125 0.7712962963 0.1197916667 0.1166666667
1 0.2927083333 0.8342592593 0.08958333333 0.1092592593
1 0.1875 0.9185185185 0.1208333333 0.1111111111
1 0.3052083333 0.925 0.09375 0.07962962963
1 0.434375 0.925 0.1270833333 0.1240740741
1 0.1947916667 0.9472222222 0.1375 0.1018518519
