1 0.5026041667 0.7361111111 0.04895833333 0.09814814815
1 0.4333333333 0.6962962963 0.1020833333 0.1518518519
1 0.2104166667 0.625 0.08333333333 0.187037037
1 0.4838541667 0.7833333333 0.07604166667 0.1074074074
1 0.3239583333 0.5703703704 0.09791666667 0.1555555556
1 0.2385416667 0.737037037 0.09583333333 0.1148148148
1 0.1875 0.8351851852 0.075 0.137037037
1 0.3776041667 0.687037037 0.08229166667 0.08518518519
1 0.2927083333 0.8074074074 0.15 0.1814814815
1 0.2447916667 0.9435185185 0.09166666667 0.1092592593
1 0.3229166667 0.937037037 0.07916666667 0.1222222222
1 0.2338541667 0.8490740741 0.03854166667 0.07222222222
1 0.2520833333 0.6046296296 0.06666666667 0.09444444444
1 0.4494791667 0.9203703704 0.090625 0.1037037037
1 0.3317708333 0.875 0.08020833333 0.1240740741
