5 0.4526041667 0.9388888889 0.07395833333 0.1037037037
3 0.6427083333 0.8 0.0375 0.04814814815
1 0.0171875 0.7740740741 0.034375 0.02222222222
1 0.03072916667 0.7148148148 0.05729166667 0.03333333333
1 0.025 0.6166666667 0.05 0.03333333333
1 0.02760416667 0.8740740741 0.05520833333 0.03333333333
1 0.034375 0.9805555556 0.06875 0.03518518519
1 0.03645833333 0.6777777778 0.06666666667 0.03333333333
1 0.03958333333 0.8305555556 0.07916666667 0.05
1 0.01458333333 0.5453703704 0.02916666667 0.03148148148
