1 0.4291666667 0.7462962963 0.05416666667 0.06296296296
1 0.4671875 0.5351851852 0.07395833333 0.1074074074
1 0.3333333333 0.6333333333 0.10625 0.07777777778
1 0.4473958333 0.587962963 0.1447916667 0.1462962963
1 0.2208333333 0.5703703704 0.125 0.1296296296
1 0.5026041667 0.6740740741 0.1072916667 0.1444444444
1 0.3286458333 0.4592592593 0.121875 0.1222222222
1 0.2010416667 0.6740740741 0.1083333333 0.1111111111
1 0.2635416667 0.6925925926 0.1020833333 0.162962963
1 0.1609375 0.7351851852 0.103125 0.137037037
1 0.3348958333 0.7648148148 0.1052083333 0.0962962963
1 0.3328125 0.8342592593 0.1302083333 0.1833333333
1 0.2109375 0.8425925926 0.1197916667 0.1777777778
1 0.2432291667 0.937037037 0.078125 0.1074074074
1 0.4041666667 0.9527777778 0.06875 0.06111111111
1 0.2578125 0.812962963 0.09479166667 0.1333333333
1 0.24375 0.5574074074 0.1020833333 0.1259259259
