1 0.5447916667 0.2361111111 0.05 0.05740740741
1 0.5203125 0.3388888889 0.05104166667 0.04444444444
1 0.5223958333 0.3833333333 0.034375 0.03703703704
1 0.5473958333 0.4333333333 0.04479166667 0.02592592593
1 0.5640625 0.3666666667 0.046875 0.04444444444
1 0.5635416667 0.2962962963 0.03958333333 0.03333333333
1 0.5291666667 0.3453703704 0.04375 0.02407407407
1 0.5442708333 0.487037037 0.04895833333 0.03333333333
1 0.5822916667 0.3962962963 0.0375 0.02962962963
1 0.5666666667 0.4092592593 0.03541666667 0.02222222222
5 0.6036458333 0.9527777778 0.08229166667 0.09074074074
1 0.6317708333 0.2240740741 0.034375 0.03333333333
1 0.6229166667 0.3277777778 0.0375 0.03703703704
1 0.6755208333 0.2805555556 0.04479166667 0.03888888889
1 0.6890625 0.3722222222 0.028125 0.02592592593
