5 0.4515625 0.9351851852 0.07395833333 0.1074074074
3 0.6427083333 0.825 0.03958333333 0.05
1 0.1104166667 0.7675925926 0.05208333333 0.04259259259
1 0.1098958333 0.8537037037 0.06354166667 0.03703703704
1 0.0640625 0.775 0.06145833333 0.03518518519
1 0.05520833333 0.8138888889 0.05 0.02777777778
1 0.03489583333 0.7490740741 0.06354166667 0.06481481481
1 0.05260416667 0.9564814815 0.05520833333 0.04259259259
1 0.02864583333 0.8944444444 0.05729166667 0.04814814815
1 0.01770833333 0.9296296296 0.03541666667 0.03333333333
