1 0.4515625 0.8027777778 0.090625 0.1462962963
1 0.3010416667 0.775 0.08541666667 0.1648148148
1 0.5166666667 0.8175925926 0.1020833333 0.1092592593
1 0.3666666667 0.6759259259 0.1020833333 0.1148148148
1 0.4239583333 0.7 0.08958333333 0.1259259259
1 0.2822916667 0.9 0.1125 0.1555555556
1 0.2927083333 0.9722222222 0.07083333333 0.05185185185
1 0.3734375 0.9398148148 0.08645833333 0.1166666667
1 0.2338541667 0.8490740741 0.03854166667 0.07222222222
1 0.2671875 0.7453703704 0.08854166667 0.1055555556
1 0.50625 0.9222222222 0.09166666667 0.1037037037
1 0.3401041667 0.8222222222 0.06979166667 0.0962962963
1 0.5598958333 0.8685185185 0.08229166667 0.07777777778
1 0.4661458333 0.9824074074 0.05104166667 0.03148148148
1 0.2609375 0.8916666667 0.078125 0.09074074074
