5 0.4515625 0.9351851852 0.07395833333 0.1074074074
3 0.6427083333 0.825 0.03958333333 0.05
1 0.109375 0.7685185185 0.05208333333 0.04074074074
1 0.1078125 0.8527777778 0.06354166667 0.03518518519
1 0.0640625 0.7740740741 0.059375 0.03333333333
1 0.0546875 0.8157407407 0.04895833333 0.02777777778
1 0.034375 0.7509259259 0.06458333333 0.06481481481
1 0.05520833333 0.9601851852 0.05208333333 0.04259259259
1 0.02760416667 0.8962962963 0.05520833333 0.04814814815
1 0.01927083333 0.9296296296 0.03854166667 0.03333333333
