5 0.4515625 0.9351851852 0.07395833333 0.1074074074
3 0.6427083333 0.825 0.03958333333 0.05
1 0.1104166667 0.7657407407 0.05208333333 0.04259259259
1 0.1119791667 0.8546296296 0.06354166667 0.03888888889
1 0.06354166667 0.7768518519 0.06458333333 0.03518518519
1 0.05260416667 0.8111111111 0.04895833333 0.02962962963
1 0.03489583333 0.7453703704 0.06145833333 0.06481481481
1 0.05 0.9527777778 0.05625 0.04259259259
1 0.02916666667 0.8935185185 0.05833333333 0.0462962963
1 0.01458333333 0.9287037037 0.02916666667 0.03148148148
