5 0.471875 0.8925925926 0.04583333333 0.08518518519
1 0.7552083333 0.7138888889 0.06875 0.06481481481
1 0.6375 0.7916666667 0.05208333333 0.09074074074
3 0.5546875 0.9407407407 0.040625 0.06666666667
1 0.6473958333 0.8453703704 0.046875 0.1685185185
1 0.7489583333 0.8351851852 0.05625 0.1481481481
1 0.8333333333 0.8611111111 0.025 0.07037037037
1 0.590625 0.9824074074 0.025 0.03148148148
1 0.6713541667 0.862962963 0.028125 0.09259259259
1 0.68125 0.8694444444 0.05625 0.07962962963
1 0.7916666667 0.7351851852 0.06041666667 0.06296296296
1 0.6484375 0.9648148148 0.06354166667 0.06666666667
