5 0.4526041667 0.9333333333 0.07395833333 0.1074074074
3 0.6463541667 0.8037037037 0.04479166667 0.05555555556
1 0.0125 0.7305555556 0.025 0.02407407407
1 0.03958333333 0.7712962963 0.06458333333 0.02777777778
1 0.01770833333 0.7064814815 0.03541666667 0.02777777778
1 0.0546875 0.562962963 0.07395833333 0.04074074074
1 0.0234375 0.812037037 0.046875 0.03148148148
1 0.02864583333 0.8740740741 0.05729166667 0.04444444444
1 0.04270833333 0.5092592593 0.06666666667 0.04444444444
1 0.02135416667 0.75 0.04270833333 0.02592592593
1 0.04947916667 0.3657407407 0.03020833333 0.1092592593
