1 0.2760416667 0.2944444444 0.06041666667 0.04074074074
1 0.2666666667 0.4037037037 0.06041666667 0.08148148148
1 0.275 0.387037037 0.0375 0.04074074074
1 0.2984375 0.5212962963 0.053125 0.05
1 0.3125 0.5657407407 0.06041666667 0.07592592593
1 0.3229166667 0.3083333333 0.07291666667 0.07962962963
1 0.2479166667 0.5305555556 0.05 0.07962962963
1 0.3864583333 0.562037037 0.05208333333 0.0537037037
1 0.3786458333 0.6203703704 0.06770833333 0.05925925926
5 0.6041666667 0.9527777778 0.08333333333 0.09074074074
1 0.4661458333 0.2722222222 0.08020833333 0.04074074074
1 0.3921875 0.137962963 0.05520833333 0.03518518519
1 0.3739583333 0.4833333333 0.07291666667 0.05185185185
1 0.4614583333 0.3314814815 0.08125 0.02962962963
1 0.4583333333 0.5555555556 0.05416666667 0.04814814815
1 0.3114583333 0.6148148148 0.05833333333 0.05185185185
1 0.4598958333 0.4203703704 0.06979166667 0.07407407407
1 0.328125 0.5833333333 0.03125 0.02592592593
1 0.3552083333 0.4222222222 0.05833333333 0.04814814815
1 0.3578125 0.4962962963 0.04895833333 0.02962962963
