1 0.4296875 0.7453703704 0.05729166667 0.06481481481
1 0.4729166667 0.5259259259 0.0625 0.1
1 0.3229166667 0.6351851852 0.08958333333 0.08518518519
1 0.4322916667 0.5981481481 0.1416666667 0.1333333333
1 0.2114583333 0.5555555556 0.1208333333 0.137037037
1 0.5036458333 0.6722222222 0.1072916667 0.1444444444
1 0.3177083333 0.4555555556 0.1208333333 0.1148148148
1 0.2020833333 0.6657407407 0.1104166667 0.1055555556
1 0.2609375 0.687037037 0.096875 0.162962963
1 0.1609375 0.7314814815 0.103125 0.137037037
1 0.3359375 0.7435185185 0.103125 0.1055555556
1 0.3260416667 0.8351851852 0.1291666667 0.1814814815
1 0.2166666667 0.8407407407 0.1166666667 0.1777777778
1 0.2375 0.9351851852 0.06458333333 0.1
1 0.4041666667 0.9564814815 0.075 0.07592592593
1 0.253125 0.8277777778 0.09166666667 0.1074074074
1 0.240625 0.5722222222 0.1125 0.1185185185
