1 0.3052083333 0.2518518519 0.05833333333 0.05925925926
1 0.3041666667 0.3277777778 0.05416666667 0.07777777778
1 0.2973958333 0.3981481481 0.046875 0.04074074074
1 0.3333333333 0.5055555556 0.06458333333 0.04444444444
1 0.3401041667 0.5592592593 0.06770833333 0.05185185185
1 0.3588541667 0.2916666667 0.06979166667 0.0462962963
1 0.2791666667 0.4444444444 0.06458333333 0.08148148148
1 0.3765625 0.5685185185 0.05104166667 0.04814814815
1 0.4171875 0.5925925926 0.05104166667 0.03703703704
5 0.6041666667 0.9527777778 0.08333333333 0.09074074074
1 0.4916666667 0.2814814815 0.07291666667 0.03703703704
1 0.421875 0.1666666667 0.06041666667 0.02962962963
1 0.4088541667 0.4731481481 0.071875 0.0462962963
1 0.5197916667 0.3194444444 0.05833333333 0.03518518519
1 0.4885416667 0.5064814815 0.05208333333 0.0537037037
1 0.3515625 0.612037037 0.07604166667 0.03888888889
1 0.4625 0.4166666667 0.0625 0.07037037037
1 0.39375 0.4425925926 0.07083333333 0.02962962963
1 0.3859375 0.4944444444 0.05520833333 0.02592592593
