1 0.2875 0.6425925926 0.1020833333 0.0962962963
1 0.4791666667 0.7546296296 0.13125 0.1018518519
1 0.3484375 0.7287037037 0.103125 0.1018518519
1 0.428125 0.837037037 0.1041666667 0.1
1 0.2015625 0.7490740741 0.103125 0.1166666667
1 0.5713541667 0.8 0.140625 0.1259259259
1 0.43125 0.5861111111 0.1604166667 0.08703703704
1 0.2473958333 0.7944444444 0.1114583333 0.1259259259
1 0.2958333333 0.8601851852 0.08333333333 0.1314814815
1 0.1901041667 0.9222222222 0.121875 0.1185185185
1 0.3057291667 0.9425925926 0.1072916667 0.07407407407
1 0.4552083333 0.9490740741 0.1395833333 0.09814814815
1 0.2052083333 0.9601851852 0.10625 0.07592592593
