5 0.4515625 0.9351851852 0.07395833333 0.1074074074
3 0.6442708333 0.8212962963 0.04479166667 0.0537037037
1 0.090625 0.7351851852 0.06041666667 0.04814814815
1 0.1171875 0.8277777778 0.065625 0.03333333333
1 0.06302083333 0.7888888889 0.06770833333 0.04074074074
1 0.01614583333 0.7472222222 0.03229166667 0.02407407407
1 0.05833333333 0.7009259259 0.05833333333 0.06111111111
1 0.008333333333 0.9 0.01666666667 0.02962962963
1 0.03020833333 0.875 0.06041666667 0.0462962963
1 0.02604166667 0.9462962963 0.05208333333 0.04444444444
