1 0.2708333333 0.3305555556 0.0625 0.04259259259
1 0.2473958333 0.4574074074 0.06145833333 0.06296296296
1 0.2609375 0.4055555556 0.03854166667 0.04444444444
1 0.3067708333 0.537962963 0.04479166667 0.05
1 0.3026041667 0.5777777778 0.06354166667 0.07777777778
1 0.3072916667 0.362037037 0.06666666667 0.06481481481
1 0.2447916667 0.5925925926 0.05 0.06666666667
1 0.3921875 0.5518518519 0.04479166667 0.07777777778
1 0.3609375 0.65 0.05520833333 0.05555555556
5 0.6041666667 0.9527777778 0.08333333333 0.09074074074
1 0.4541666667 0.25 0.07916666667 0.04074074074
1 0.3666666667 0.1518518519 0.06666666667 0.06666666667
1 0.3614583333 0.4759259259 0.07291666667 0.08148148148
1 0.4322916667 0.3111111111 0.07083333333 0.04074074074
1 0.44375 0.5685185185 0.0625 0.04814814815
1 0.2885416667 0.662962963 0.06041666667 0.03703703704
1 0.45625 0.4305555556 0.07083333333 0.06111111111
1 0.321875 0.6148148148 0.03125 0.02592592593
1 0.3208333333 0.4527777778 0.04791666667 0.05
