5 0.4526041667 0.9333333333 0.07395833333 0.1074074074
3 0.6442708333 0.8055555556 0.04479166667 0.05555555556
1 0.0125 0.7287037037 0.025 0.02407407407
1 0.028125 0.7694444444 0.05625 0.02777777778
1 0.015625 0.7083333333 0.03125 0.02777777778
1 0.0421875 0.5601851852 0.07604166667 0.03518518519
1 0.0234375 0.8231481481 0.046875 0.03148148148
1 0.02916666667 0.8777777778 0.05833333333 0.04814814815
1 0.028125 0.9787037037 0.05625 0.03888888889
1 0.0359375 0.5157407407 0.06770833333 0.04259259259
1 0.0296875 0.7472222222 0.059375 0.02777777778
1 0.05104166667 0.3527777778 0.05625 0.05740740741
