1 0.4432291667 0.7740740741 0.06145833333 0.1
1 0.4927083333 0.712037037 0.05625 0.1166666667
1 0.4286458333 0.6768518519 0.103125 0.1537037037
1 0.2036458333 0.6009259259 0.090625 0.187037037
1 0.4859375 0.7638888889 0.078125 0.1277777778
1 0.3348958333 0.525 0.096875 0.1462962963
1 0.2307291667 0.7342592593 0.09895833333 0.09444444444
1 0.2963541667 0.7648148148 0.09895833333 0.1407407407
1 0.1723958333 0.8240740741 0.07604166667 0.1407407407
1 0.3697916667 0.6972222222 0.07916666667 0.09074074074
1 0.2885416667 0.8259259259 0.1458333333 0.1851851852
1 0.2333333333 0.9444444444 0.075 0.1074074074
1 0.3145833333 0.9240740741 0.08958333333 0.1444444444
1 0.2348958333 0.6046296296 0.05729166667 0.09814814815
1 0.4385416667 0.9157407407 0.0875 0.1277777778
1 0.3333333333 0.8574074074 0.08333333333 0.1222222222
