1 0.2916666667 0.2712962963 0.06041666667 0.05740740741
1 0.2755208333 0.3796296296 0.059375 0.07777777778
1 0.2880208333 0.3925925926 0.046875 0.04074074074
1 0.3036458333 0.5111111111 0.05520833333 0.04444444444
1 0.3182291667 0.5564814815 0.059375 0.07592592593
1 0.33125 0.3009259259 0.07291666667 0.07592592593
1 0.2536458333 0.4972222222 0.053125 0.08333333333
1 0.3802083333 0.5712962963 0.05208333333 0.0537037037
1 0.3890625 0.6092592593 0.065625 0.04444444444
5 0.6041666667 0.9527777778 0.08333333333 0.09074074074
1 0.4765625 0.275 0.08020833333 0.04259259259
1 0.40625 0.1398148148 0.05416666667 0.03148148148
1 0.3734375 0.4851851852 0.071875 0.04814814815
1 0.4791666667 0.3314814815 0.08125 0.02962962963
1 0.4692708333 0.5398148148 0.059375 0.05
1 0.3291666667 0.6101851852 0.06875 0.04259259259
1 0.4609375 0.4175925926 0.06770833333 0.07592592593
1 0.3401041667 0.587037037 0.03020833333 0.02592592593
1 0.3614583333 0.4268518519 0.05833333333 0.03888888889
1 0.3598958333 0.4944444444 0.04895833333 0.02962962963
