1 0.4354166667 0.7435185185 0.1020833333 0.1611111111
1 0.2572916667 0.7101851852 0.08125 0.1833333333
1 0.5083333333 0.7944444444 0.09791666667 0.1111111111
1 0.3291666667 0.6555555556 0.08541666667 0.1407407407
1 0.2979166667 0.7388888889 0.06875 0.08518518519
1 0.2276041667 0.8981481481 0.05104166667 0.05925925926
1 0.3895833333 0.6675925926 0.09375 0.112962963
1 0.2520833333 0.8277777778 0.1270833333 0.1703703704
1 0.2729166667 0.9527777778 0.08125 0.09074074074
1 0.3598958333 0.9537037037 0.090625 0.08888888889
1 0.2338541667 0.8490740741 0.03854166667 0.07222222222
1 0.240625 0.6638888889 0.09375 0.1611111111
1 0.4864583333 0.9361111111 0.0875 0.112962963
1 0.359375 0.9064814815 0.08125 0.1092592593
1 0.31875 0.8018518519 0.07291666667 0.1222222222
