5 0.4526041667 0.9333333333 0.07395833333 0.1074074074
3 0.6463541667 0.8111111111 0.04479166667 0.05555555556
1 0.01822916667 0.7305555556 0.03645833333 0.02777777778
1 0.05625 0.7703703704 0.0625 0.02962962963
1 0.02760416667 0.6953703704 0.05520833333 0.03148148148
1 0.06822916667 0.5981481481 0.06770833333 0.05555555556
1 0.01875 0.8083333333 0.0375 0.03148148148
1 0.03020833333 0.8518518519 0.06041666667 0.03333333333
1 0.059375 0.5472222222 0.05416666667 0.07222222222
1 0.015625 0.7740740741 0.03125 0.02222222222
1 0.01822916667 0.3898148148 0.021875 0.1018518519
