1 0.4239583333 0.7425925926 0.0625 0.07407407407
1 0.4619791667 0.5648148148 0.078125 0.1407407407
1 0.3260416667 0.6203703704 0.09583333333 0.1148148148
1 0.4036458333 0.5768518519 0.1197916667 0.1537037037
1 0.2140625 0.5009259259 0.1114583333 0.1833333333
1 0.48125 0.6657407407 0.09166666667 0.1092592593
1 0.3151041667 0.4351851852 0.09479166667 0.162962963
1 0.1932291667 0.6731481481 0.1177083333 0.1240740741
1 0.2651041667 0.6694444444 0.078125 0.187037037
1 0.1666666667 0.7453703704 0.10625 0.15
1 0.3416666667 0.7064814815 0.09791666667 0.1092592593
1 0.3072916667 0.8083333333 0.1375 0.1648148148
1 0.2109375 0.8351851852 0.1177083333 0.1703703704
1 0.2520833333 0.9212962963 0.1020833333 0.1277777778
1 0.4072916667 0.9314814815 0.08333333333 0.1037037037
1 0.2494791667 0.8425925926 0.090625 0.09259259259
1 0.2411458333 0.5583333333 0.09270833333 0.1092592593
1 0.415625 0.9564814815 0.075 0.08333333333
