5 0.4526041667 0.9333333333 0.07395833333 0.1074074074
3 0.6411458333 0.8055555556 0.04479166667 0.05555555556
1 0.0125 0.7287037037 0.025 0.01666666667
1 0.01614583333 0.7861111111 0.03229166667 0.02777777778
1 0.0171875 0.7212962963 0.034375 0.02407407407
1 0.0328125 0.5731481481 0.065625 0.03148148148
1 0.025 0.8481481481 0.05 0.02592592593
1 0.02760416667 0.8694444444 0.05520833333 0.05
1 0.04270833333 0.9712962963 0.08125 0.05
1 0.02552083333 0.5574074074 0.05104166667 0.03703703704
1 0.04427083333 0.762037037 0.071875 0.03518518519
1 0.028125 0.387962963 0.05625 0.07962962963
