5 0.4526041667 0.9333333333 0.07395833333 0.1074074074
3 0.6416666667 0.8018518519 0.04375 0.04814814815
1 0.01458333333 0.7222222222 0.02916666667 0.01851851852
1 0.01354166667 0.8185185185 0.02708333333 0.02222222222
1 0.03854166667 0.7166666667 0.05833333333 0.05185185185
1 0.03125 0.6305555556 0.0625 0.03518518519
1 0.034375 0.8768518519 0.0625 0.03888888889
1 0.06302083333 0.9537037037 0.084375 0.04814814815
1 0.04427083333 0.6231481481 0.059375 0.02777777778
1 0.08333333333 0.8074074074 0.07916666667 0.04814814815
1 0.0125 0.4805555556 0.025 0.06111111111
