5 0.4526041667 0.9333333333 0.07395833333 0.1074074074
3 0.6411458333 0.8018518519 0.04479166667 0.05555555556
1 0.01354166667 0.7148148148 0.02708333333 0.02962962963
1 0.01770833333 0.8101851852 0.03541666667 0.02407407407
1 0.02708333333 0.7175925926 0.05416666667 0.0537037037
1 0.02708333333 0.6203703704 0.05416666667 0.02592592593
1 0.0359375 0.8796296296 0.06770833333 0.02962962963
1 0.06614583333 0.9685185185 0.08229166667 0.04444444444
1 0.03333333333 0.5981481481 0.06666666667 0.02592592593
1 0.07395833333 0.7916666667 0.07708333333 0.05
1 0.01197916667 0.4462962963 0.02395833333 0.06666666667
