1 0.2817708333 0.6222222222 0.09270833333 0.1037037037
1 0.4755208333 0.7472222222 0.1322916667 0.1018518519
1 0.3494791667 0.7259259259 0.1052083333 0.1074074074
1 0.4302083333 0.8259259259 0.1041666667 0.1
1 0.2010416667 0.7444444444 0.1020833333 0.1222222222
1 0.571875 0.7953703704 0.1375 0.1203703704
1 0.4276041667 0.5777777778 0.1614583333 0.09259259259
1 0.2473958333 0.7833333333 0.115625 0.1259259259
1 0.2932291667 0.8583333333 0.08229166667 0.1277777778
1 0.1885416667 0.9203703704 0.1208333333 0.1148148148
1 0.3052083333 0.9351851852 0.1 0.07037037037
1 0.4526041667 0.9398148148 0.1489583333 0.112962963
1 0.2020833333 0.9555555556 0.1145833333 0.08518518519
