1 0.4203125 0.7462962963 0.06145833333 0.07407407407
1 0.46875 0.5805555556 0.07083333333 0.1574074074
1 0.321875 0.6555555556 0.09583333333 0.1185185185
1 0.3984375 0.5888888889 0.1114583333 0.1703703704
1 0.2223958333 0.5157407407 0.1052083333 0.1722222222
1 0.4859375 0.6564814815 0.09479166667 0.1388888889
1 0.3286458333 0.4314814815 0.1010416667 0.162962963
1 0.1895833333 0.675 0.1145833333 0.1314814815
1 0.2786458333 0.6694444444 0.090625 0.1722222222
1 0.1557291667 0.7731481481 0.1177083333 0.1462962963
1 0.3359375 0.7092592593 0.084375 0.09259259259
1 0.3041666667 0.7851851852 0.1375 0.1703703704
1 0.2052083333 0.8240740741 0.1104166667 0.2037037037
1 0.2625 0.9148148148 0.1 0.1296296296
1 0.4151041667 0.9203703704 0.090625 0.0962962963
1 0.2338541667 0.8490740741 0.03854166667 0.07222222222
1 0.2473958333 0.5527777778 0.1072916667 0.1018518519
1 0.4244791667 0.9555555556 0.07395833333 0.08518518519
