1 0.4640625 0.2722222222 0.065625 0.04074074074
1 0.4255208333 0.3148148148 0.05729166667 0.02962962963
1 0.4322916667 0.4166666667 0.05416666667 0.02962962963
1 0.4666666667 0.425 0.06875 0.0462962963
1 0.4671875 0.4240740741 0.06979166667 0.05185185185
1 0.4927083333 0.3 0.06458333333 0.02962962963
1 0.4348958333 0.3648148148 0.06770833333 0.06296296296
1 0.4270833333 0.5037037037 0.04375 0.03333333333
1 0.5390625 0.5351851852 0.05520833333 0.02962962963
1 0.4557291667 0.4694444444 0.04479166667 0.02777777778
5 0.6041666667 0.9527777778 0.08333333333 0.09074074074
1 0.6473958333 0.2666666667 0.059375 0.03703703704
1 0.5458333333 0.2333333333 0.06041666667 0.02592592593
1 0.5369791667 0.4055555556 0.06770833333 0.02962962963
1 0.6494791667 0.3277777778 0.04479166667 0.04444444444
1 0.5973958333 0.4222222222 0.03645833333 0.03703703704
1 0.465625 0.5111111111 0.05416666667 0.05555555556
1 0.5979166667 0.3564814815 0.03541666667 0.03518518519
1 0.5552083333 0.4648148148 0.06041666667 0.03333333333
1 0.4911458333 0.4462962963 0.05104166667 0.04074074074
