1 0.5104166667 0.2944444444 0.05625 0.04074074074
1 0.475 0.3472222222 0.0625 0.03148148148
1 0.4796875 0.4296296296 0.046875 0.02962962963
1 0.5265625 0.437037037 0.05104166667 0.04444444444
1 0.5317708333 0.2981481481 0.05520833333 0.02962962963
1 0.4911458333 0.3740740741 0.059375 0.03703703704
1 0.4942708333 0.5305555556 0.05729166667 0.02777777778
1 0.5510416667 0.4305555556 0.06041666667 0.04259259259
5 0.6041666667 0.9527777778 0.08333333333 0.09074074074
1 0.6359375 0.2416666667 0.04479166667 0.0462962963
1 0.5505208333 0.237962963 0.04895833333 0.03148148148
1 0.5755208333 0.3546296296 0.040625 0.03518518519
1 0.6671875 0.2925925926 0.04479166667 0.04444444444
1 0.6526041667 0.3537037037 0.034375 0.02962962963
1 0.5473958333 0.4777777778 0.053125 0.04074074074
1 0.6109375 0.3398148148 0.028125 0.03518518519
1 0.5807291667 0.4416666667 0.03020833333 0.02777777778
1 0.5838541667 0.4768518519 0.028125 0.02777777778
