1 0.3140625 0.2509259259 0.05729166667 0.05
1 0.3166666667 0.3111111111 0.05 0.07037037037
1 0.2994791667 0.4 0.046875 0.03703703704
1 0.3380208333 0.5055555556 0.065625 0.04444444444
1 0.3489583333 0.5555555556 0.06875 0.05185185185
1 0.3692708333 0.2972222222 0.07395833333 0.0462962963
1 0.2864583333 0.4351851852 0.06458333333 0.06666666667
1 0.3765625 0.5685185185 0.05104166667 0.04814814815
1 0.43125 0.5814814815 0.05416666667 0.04444444444
5 0.6041666667 0.9527777778 0.08333333333 0.09074074074
1 0.5015625 0.275 0.07395833333 0.03148148148
1 0.43125 0.1814814815 0.0625 0.02962962963
1 0.4161458333 0.4712962963 0.071875 0.05
1 0.5322916667 0.3157407407 0.07083333333 0.03148148148
1 0.4911458333 0.4962962963 0.053125 0.05185185185
1 0.3619791667 0.6092592593 0.07604166667 0.04074074074
1 0.465625 0.4111111111 0.06041666667 0.07037037037
1 0.3401041667 0.587037037 0.03020833333 0.02592592593
1 0.3989583333 0.4462962963 0.0625 0.02962962963
1 0.4078125 0.5509259259 0.04479166667 0.03518518519
1 0.3958333333 0.4972222222 0.06458333333 0.03148148148
