1 0.4661458333 0.8861111111 0.09270833333 0.06481481481
1 0.3057291667 0.7509259259 0.134375 0.07592592593
1 0.4984375 0.7972222222 0.1322916667 0.1018518519
1 0.3427083333 0.7398148148 0.09166666667 0.1018518519
1 0.4703125 0.9296296296 0.1427083333 0.07777777778
1 0.2109375 0.8064814815 0.1177083333 0.1055555556
1 0.56875 0.8444444444 0.1458333333 0.0962962963
1 0.4479166667 0.6907407407 0.1416666667 0.09259259259
1 0.2677083333 0.8824074074 0.11875 0.07962962963
1 0.3192708333 0.9453703704 0.103125 0.07222222222
1 0.2083333333 0.9537037037 0.1 0.08888888889
1 0.328125 0.9805555556 0.09375 0.03518518519
