1 0.4567708333 0.9185185185 0.071875 0.05925925926
1 0.3260416667 0.812037037 0.1375 0.05740740741
1 0.525 0.8148148148 0.1291666667 0.1
1 0.3510416667 0.7490740741 0.1125 0.09444444444
1 0.4854166667 0.9342592593 0.1375 0.112962963
1 0.2223958333 0.8305555556 0.134375 0.09444444444
1 0.5479166667 0.8601851852 0.1395833333 0.112962963
1 0.459375 0.7268518519 0.1375 0.1055555556
1 0.2671875 0.9175925926 0.1239583333 0.07222222222
1 0.3348958333 0.975 0.121875 0.0462962963
1 0.2333333333 0.9722222222 0.07291666667 0.05185185185
