1 0.4572916667 0.8583333333 0.09583333333 0.1314814815
1 0.3177083333 0.8 0.08958333333 0.1185185185
1 0.5260416667 0.8333333333 0.09791666667 0.08888888889
1 0.3901041667 0.7111111111 0.08020833333 0.1
1 0.465625 0.7287037037 0.09583333333 0.1092592593
1 0.3135416667 0.9166666667 0.1145833333 0.1444444444
1 0.4026041667 0.9527777778 0.07604166667 0.09074074074
1 0.2338541667 0.8490740741 0.03854166667 0.07222222222
1 0.2973958333 0.7574074074 0.09270833333 0.1074074074
1 0.5463541667 0.9222222222 0.09479166667 0.09259259259
1 0.3703125 0.8305555556 0.065625 0.1018518519
1 0.5567708333 0.8648148148 0.084375 0.08518518519
1 0.259375 0.9564814815 0.0375 0.06481481481
1 0.3760416667 0.9148148148 0.07916666667 0.08518518519
