5 0.4515625 0.9351851852 0.07395833333 0.1074074074
3 0.64375 0.8231481481 0.04375 0.0537037037
1 0.1010416667 0.7453703704 0.05625 0.0462962963
1 0.1192708333 0.8314814815 0.06354166667 0.03703703704
1 0.05989583333 0.7842592593 0.06770833333 0.04259259259
1 0.01979166667 0.7472222222 0.03958333333 0.02407407407
1 0.05260416667 0.7083333333 0.05104166667 0.06111111111
1 0.01510416667 0.9055555556 0.03020833333 0.02962962963
1 0.0296875 0.8796296296 0.059375 0.04814814815
1 0.02447916667 0.95 0.04895833333 0.04074074074
