1 0.5463541667 0.2351851852 0.05104166667 0.05555555556
1 0.5223958333 0.337037037 0.053125 0.04814814815
1 0.5223958333 0.3833333333 0.034375 0.03703703704
1 0.5458333333 0.4314814815 0.04583333333 0.02962962963
1 0.5666666667 0.3666666667 0.04375 0.04444444444
1 0.5635416667 0.2962962963 0.03958333333 0.03333333333
1 0.5317708333 0.3462962963 0.046875 0.02592592593
1 0.546875 0.4861111111 0.04791666667 0.03148148148
1 0.5822916667 0.4009259259 0.0375 0.02777777778
1 0.5921875 0.4722222222 0.04479166667 0.02592592593
1 0.5729166667 0.4092592593 0.03541666667 0.02222222222
5 0.6041666667 0.9527777778 0.08333333333 0.09074074074
1 0.6333333333 0.225 0.03333333333 0.03148148148
1 0.6239583333 0.3277777778 0.0375 0.03703703704
1 0.6723958333 0.287037037 0.04270833333 0.03703703704
1 0.6901041667 0.3722222222 0.028125 0.02592592593
