5 0.471875 0.8925925926 0.04583333333 0.08518518519
1 0.7505208333 0.7074074074 0.065625 0.1
1 0.6494791667 0.762037037 0.05520833333 0.1203703704
3 0.5526041667 0.9388888889 0.034375 0.06296296296
1 0.6041666667 0.8722222222 0.0625 0.162962963
1 0.7177083333 0.8805555556 0.07708333333 0.1203703704
1 0.8338541667 0.862962963 0.02604166667 0.07407407407
1 0.809375 0.887962963 0.02708333333 0.09814814815
1 0.5833333333 0.9611111111 0.05208333333 0.07407407407
1 0.6046875 0.8814814815 0.01979166667 0.1148148148
1 0.7052083333 0.7981481481 0.09166666667 0.07037037037
1 0.7875 0.8074074074 0.04375 0.08518518519
1 0.675 0.9601851852 0.06666666667 0.07592592593
1 0.8322916667 0.7277777778 0.06875 0.05925925926
