1 0.4348958333 0.7666666667 0.06145833333 0.1
1 0.4901041667 0.6787037037 0.06145833333 0.1425925926
1 0.4317708333 0.6546296296 0.103125 0.1537037037
1 0.2020833333 0.5824074074 0.1020833333 0.1907407407
1 0.4979166667 0.725 0.09791666667 0.15
1 0.3395833333 0.5046296296 0.09791666667 0.1425925926
1 0.2213541667 0.7287037037 0.096875 0.1018518519
1 0.2921875 0.7472222222 0.09895833333 0.15
1 0.1645833333 0.8203703704 0.07708333333 0.137037037
1 0.359375 0.7083333333 0.07916666667 0.09074074074
1 0.29375 0.8351851852 0.1333333333 0.1888888889
1 0.2270833333 0.9268518519 0.075 0.1425925926
1 0.3135416667 0.9194444444 0.09583333333 0.1388888889
1 0.2286458333 0.5925925926 0.1114583333 0.1518518519
1 0.4333333333 0.9064814815 0.0875 0.1277777778
1 0.3296875 0.8592592593 0.08645833333 0.1111111111
