1 0.2484375 0.8305555556 0.103125 0.1537037037
1 0.1583333333 0.9518518519 0.075 0.08888888889
1 0.2432291667 0.5925925926 0.08645833333 0.2296296296
1 0.2953125 0.887037037 0.08645833333 0.1814814815
1 0.1526041667 0.8925925926 0.103125 0.1037037037
1 0.0984375 0.7712962963 0.03020833333 0.07592592593
1 0.234375 0.5509259259 0.07916666667 0.2388888889
1 0.1026041667 0.5814814815 0.05729166667 0.237037037
1 0.1270833333 0.7009259259 0.07291666667 0.2203703704
1 0.2921875 0.9555555556 0.09479166667 0.08518518519
