5 0.4515625 0.9351851852 0.07395833333 0.1074074074
3 0.6432291667 0.8240740741 0.04270833333 0.05185185185
1 0.1052083333 0.75 0.05625 0.04074074074
1 0.1213541667 0.8361111111 0.06145833333 0.04259259259
1 0.0546875 0.7777777778 0.06770833333 0.04814814815
1 0.0125 0.7546296296 0.025 0.02407407407
1 0.05104166667 0.7185185185 0.06041666667 0.06666666667
1 0.02291666667 0.9194444444 0.04583333333 0.03518518519
1 0.03020833333 0.887037037 0.06041666667 0.05185185185
1 0.02135416667 0.9537037037 0.04270833333 0.03703703704
