5 0.4526041667 0.9333333333 0.07395833333 0.1074074074
3 0.6416666667 0.8 0.03958333333 0.04814814815
1 0.01822916667 0.7296296296 0.03645833333 0.02592592593
1 0.009375 0.8240740741 0.01875 0.02222222222
1 0.04791666667 0.712037037 0.0625 0.0462962963
1 0.0328125 0.637962963 0.065625 0.03888888889
1 0.03125 0.8638888889 0.0625 0.0462962963
1 0.05052083333 0.9453703704 0.08854166667 0.0462962963
1 0.04322916667 0.6444444444 0.05520833333 0.02962962963
1 0.07916666667 0.8175925926 0.08125 0.04259259259
1 0.01666666667 0.5018518519 0.03333333333 0.05185185185
