1 0.4182291667 0.2796296296 0.07604166667 0.04074074074
1 0.3942708333 0.3074074074 0.06145833333 0.02592592593
1 0.3880208333 0.4388888889 0.05520833333 0.03333333333
1 0.4229166667 0.4509259259 0.06458333333 0.05740740741
1 0.4197916667 0.462037037 0.06458333333 0.06481481481
1 0.453125 0.2962962963 0.07291666667 0.03333333333
1 0.3854166667 0.3888888889 0.06875 0.05185185185
1 0.4010416667 0.5111111111 0.04583333333 0.03703703704
1 0.4989583333 0.5175925926 0.05208333333 0.02777777778
5 0.6041666667 0.9527777778 0.08333333333 0.09074074074
1 0.5885416667 0.2805555556 0.06666666667 0.02777777778
1 0.5380208333 0.2009259259 0.06354166667 0.02407407407
1 0.4901041667 0.4046296296 0.05729166667 0.03888888889
1 0.6072916667 0.3314814815 0.0625 0.03703703704
1 0.5583333333 0.4324074074 0.04166666667 0.03518518519
1 0.4255208333 0.5462962963 0.06354166667 0.07037037037
1 0.5588541667 0.3592592593 0.06979166667 0.04444444444
1 0.4921875 0.4712962963 0.04895833333 0.03518518519
1 0.4661458333 0.45 0.059375 0.03333333333
