1 0.4213541667 0.7462962963 0.06145833333 0.07407407407
1 0.4666666667 0.575 0.07291666667 0.1537037037
1 0.31875 0.6555555556 0.08125 0.1185185185
1 0.3973958333 0.587037037 0.1114583333 0.1703703704
1 0.2234375 0.5092592593 0.1072916667 0.1703703704
1 0.4848958333 0.6546296296 0.09479166667 0.1388888889
1 0.3239583333 0.4324074074 0.1 0.1685185185
1 0.19375 0.6722222222 0.1166666667 0.1296296296
1 0.2765625 0.6712962963 0.084375 0.1759259259
1 0.1578125 0.7694444444 0.1177083333 0.1462962963
1 0.3359375 0.7101851852 0.08854166667 0.1018518519
1 0.303125 0.7907407407 0.1375 0.1666666667
1 0.2067708333 0.8277777778 0.115625 0.1888888889
1 0.2609375 0.9148148148 0.103125 0.1333333333
1 0.4171875 0.9203703704 0.090625 0.0962962963
1 0.2364583333 0.8444444444 0.04583333333 0.08148148148
1 0.25 0.55 0.10625 0.1
1 0.4223958333 0.9555555556 0.07395833333 0.08518518519
