5 0.4526041667 0.9333333333 0.07395833333 0.1074074074
3 0.6421875 0.8055555556 0.04479166667 0.05555555556
1 0.0125 0.7287037037 0.025 0.01666666667
1 0.015625 0.8 0.03125 0.02592592593
1 0.0203125 0.725 0.040625 0.03518518519
1 0.0265625 0.587962963 0.053125 0.02407407407
1 0.03072916667 0.8648148148 0.059375 0.02592592593
1 0.0546875 0.9722222222 0.08229166667 0.04444444444
1 0.028125 0.5712962963 0.05625 0.02037037037
1 0.05572916667 0.7685185185 0.07604166667 0.05925925926
1 0.01927083333 0.412037037 0.03854166667 0.08703703704
