1 0.4296875 0.7453703704 0.05729166667 0.06481481481
1 0.4817708333 0.5166666667 0.04895833333 0.08518518519
1 0.3140625 0.637962963 0.078125 0.09074074074
1 0.4291666667 0.5972222222 0.1395833333 0.1314814815
1 0.2114583333 0.5472222222 0.125 0.1425925926
1 0.5026041667 0.6685185185 0.1072916667 0.1444444444
1 0.3140625 0.4527777778 0.1135416667 0.1240740741
1 0.2020833333 0.6601851852 0.1125 0.1055555556
1 0.2598958333 0.6851851852 0.096875 0.162962963
1 0.1630208333 0.7296296296 0.103125 0.137037037
1 0.3359375 0.7388888889 0.103125 0.1074074074
1 0.3234375 0.8342592593 0.128125 0.1796296296
1 0.2192708333 0.8351851852 0.115625 0.1777777778
1 0.2364583333 0.9342592593 0.06666666667 0.1018518519
1 0.4010416667 0.9546296296 0.075 0.07592592593
1 0.2510416667 0.8296296296 0.09166666667 0.1074074074
1 0.2369791667 0.5685185185 0.1052083333 0.1185185185
