1 0.4296875 0.7453703704 0.05729166667 0.06481481481
1 0.4619791667 0.5675925926 0.09270833333 0.1240740741
1 0.3223958333 0.6333333333 0.090625 0.1111111111
1 0.4114583333 0.5990740741 0.1208333333 0.1203703704
1 0.2098958333 0.5185185185 0.115625 0.1703703704
1 0.5015625 0.6685185185 0.109375 0.1333333333
1 0.3098958333 0.4388888889 0.1072916667 0.1703703704
1 0.1942708333 0.6703703704 0.115625 0.1185185185
1 0.2609375 0.6777777778 0.09270833333 0.1777777778
1 0.1651041667 0.7296296296 0.103125 0.137037037
1 0.3317708333 0.7268518519 0.090625 0.1018518519
1 0.3166666667 0.8277777778 0.1291666667 0.1777777778
1 0.2151041667 0.8351851852 0.115625 0.1777777778
1 0.2375 0.9435185185 0.08125 0.08333333333
1 0.3989583333 0.9490740741 0.07708333333 0.09074074074
1 0.2515625 0.8324074074 0.08645833333 0.1240740741
1 0.24375 0.5574074074 0.1020833333 0.1259259259
