1 0.09375 0.8240740741 0.04583333333 0.02962962963
5 0.4651041667 0.9185185185 0.06145833333 0.1259259259
3 0.6010416667 0.9092592593 0.04166666667 0.05555555556
1 0.02708333333 0.9287037037 0.0375 0.02777777778
1 0.0609375 0.8203703704 0.02604166667 0.02592592593
1 0.009375 0.7231481481 0.01875 0.02407407407
1 0.1453125 0.7462962963 0.03229166667 0.02222222222
1 0.0890625 0.6592592593 0.04895833333 0.02592592593
1 0.075 0.6138888889 0.02916666667 0.02037037037
1 0.03645833333 0.7851851852 0.03125 0.01851851852
