1 0.4239583333 0.7518518519 0.07083333333 0.1
1 0.4901041667 0.6444444444 0.065625 0.1222222222
1 0.4192708333 0.5953703704 0.096875 0.1944444444
1 0.1989583333 0.5703703704 0.1166666667 0.162962963
1 0.4942708333 0.7 0.08854166667 0.1481481481
1 0.3458333333 0.4657407407 0.09583333333 0.1351851852
1 0.1963541667 0.7111111111 0.1010416667 0.1222222222
1 0.2859375 0.7222222222 0.090625 0.1444444444
1 0.1489583333 0.7962962963 0.1020833333 0.1407407407
1 0.3458333333 0.7 0.07083333333 0.1
1 0.2854166667 0.8268518519 0.1083333333 0.2277777778
1 0.2291666667 0.8842592593 0.1020833333 0.1981481481
1 0.2979166667 0.912037037 0.1041666667 0.1425925926
1 0.3890625 0.9351851852 0.071875 0.1037037037
1 0.2385416667 0.5694444444 0.1166666667 0.1240740741
1 0.4119791667 0.9435185185 0.08645833333 0.07592592593
