5 0.4526041667 0.9333333333 0.07395833333 0.1074074074
3 0.6463541667 0.812962963 0.04479166667 0.05555555556
1 0.02708333333 0.7231481481 0.05416666667 0.02777777778
1 0.06510416667 0.7694444444 0.05729166667 0.02777777778
1 0.03125 0.6972222222 0.05833333333 0.02777777778
1 0.06614583333 0.6166666667 0.06354166667 0.07037037037
1 0.01770833333 0.8138888889 0.03541666667 0.03148148148
1 0.03125 0.8768518519 0.0625 0.05
1 0.04791666667 0.5703703704 0.04375 0.06296296296
1 0.01666666667 0.7935185185 0.03333333333 0.03518518519
