5 0.4526041667 0.937037037 0.07395833333 0.1074074074
3 0.6416666667 0.8 0.0375 0.04814814815
1 0.01875 0.7666666667 0.0375 0.02592592593
1 0.03125 0.7138888889 0.06041666667 0.03888888889
1 0.02604166667 0.6175925926 0.05208333333 0.03888888889
1 0.02708333333 0.8675925926 0.05416666667 0.03148148148
1 0.03854166667 0.9759259259 0.07708333333 0.04444444444
1 0.03385416667 0.6712962963 0.065625 0.03148148148
1 0.04583333333 0.8305555556 0.08333333333 0.0462962963
1 0.02083333333 0.5361111111 0.04166666667 0.0462962963
