5 0.4515625 0.9351851852 0.07395833333 0.1074074074
3 0.6416666667 0.8268518519 0.03958333333 0.05
1 0.1078125 0.7740740741 0.053125 0.04074074074
1 0.1041666667 0.8527777778 0.06666666667 0.03888888889
1 0.0640625 0.7712962963 0.05520833333 0.03148148148
1 0.05416666667 0.8203703704 0.04583333333 0.02592592593
1 0.034375 0.7601851852 0.06875 0.06481481481
1 0.06302083333 0.9731481481 0.046875 0.04259259259
1 0.02395833333 0.9027777778 0.04791666667 0.04259259259
1 0.02083333333 0.9324074074 0.04166666667 0.03518518519
