1 0.321875 0.2555555556 0.04583333333 0.04074074074
1 0.3302083333 0.3 0.05 0.06296296296
1 0.3432291667 0.5037037037 0.065625 0.04444444444
1 0.3604166667 0.5490740741 0.06875 0.05740740741
1 0.3807291667 0.3055555556 0.07395833333 0.04444444444
1 0.303125 0.4157407407 0.06458333333 0.06851851852
1 0.3760416667 0.5694444444 0.04583333333 0.04259259259
1 0.44375 0.5574074074 0.05416666667 0.06296296296
5 0.6041666667 0.9527777778 0.08333333333 0.09074074074
1 0.5208333333 0.2638888889 0.07291666667 0.04259259259
1 0.4473958333 0.1944444444 0.05729166667 0.02592592593
1 0.4348958333 0.4583333333 0.071875 0.05
1 0.5427083333 0.3074074074 0.075 0.02962962963
1 0.5010416667 0.4759259259 0.05416666667 0.05185185185
1 0.3776041667 0.6046296296 0.07604166667 0.04259259259
1 0.48125 0.3805555556 0.07083333333 0.08703703704
1 0.4067708333 0.45 0.05520833333 0.02962962963
1 0.4223958333 0.5453703704 0.05104166667 0.0462962963
1 0.409375 0.4962962963 0.06458333333 0.03333333333
