1 0.4182291667 0.7518518519 0.06354166667 0.08518518519
1 0.4802083333 0.6064814815 0.06458333333 0.1685185185
1 0.40625 0.5851851852 0.1083333333 0.1740740741
1 0.2125 0.5453703704 0.1125 0.1759259259
1 0.484375 0.6703703704 0.0875 0.1555555556
1 0.346875 0.4509259259 0.1125 0.1462962963
1 0.1822916667 0.6981481481 0.10625 0.137037037
1 0.2822916667 0.7101851852 0.0875 0.1277777778
1 0.1447916667 0.7796296296 0.1104166667 0.1444444444
1 0.3427083333 0.7027777778 0.06666666667 0.07592592593
1 0.2802083333 0.8064814815 0.1208333333 0.2203703704
1 0.2177083333 0.8314814815 0.1 0.2037037037
1 0.2791666667 0.9046296296 0.10625 0.1388888889
1 0.4057291667 0.9037037037 0.090625 0.0962962963
1 0.2453125 0.5564814815 0.1072916667 0.1018518519
1 0.4151041667 0.9601851852 0.103125 0.07592592593
