1 0.2567708333 0.3731481481 0.059375 0.0537037037
1 0.221875 0.5018518519 0.06458333333 0.05555555556
1 0.2489583333 0.4518518519 0.03958333333 0.04814814815
1 0.328125 0.5944444444 0.03958333333 0.04444444444
1 0.2833333333 0.637962963 0.06875 0.05740740741
1 0.2848958333 0.425 0.06979166667 0.0537037037
1 0.2453125 0.6277777778 0.05104166667 0.05555555556
1 0.4208333333 0.537037037 0.05 0.09259259259
1 0.3421875 0.7287037037 0.046875 0.0462962963
5 0.6041666667 0.9527777778 0.08333333333 0.09074074074
1 0.4489583333 0.2425925926 0.075 0.05925925926
1 0.3348958333 0.2212962963 0.05520833333 0.06111111111
1 0.3489583333 0.5009259259 0.07291666667 0.08703703704
1 0.41875 0.3037037037 0.07291666667 0.05925925926
1 0.4286458333 0.5814814815 0.065625 0.06296296296
1 0.2713541667 0.675 0.065625 0.04259259259
1 0.4520833333 0.4240740741 0.07083333333 0.07777777778
1 0.3114583333 0.6694444444 0.03125 0.02777777778
1 0.2942708333 0.5194444444 0.040625 0.05
