1 0.2197916667 0.5268518519 0.05208333333 0.0537037037
1 0.1817708333 0.662037037 0.059375 0.07222222222
1 0.1901041667 0.6092592593 0.04479166667 0.04814814815
1 0.23125 0.7166666667 0.07708333333 0.04814814815
1 0.2203125 0.5453703704 0.06770833333 0.05740740741
1 0.1817708333 0.7212962963 0.05104166667 0.04259259259
1 0.3567708333 0.7305555556 0.07395833333 0.05
1 0.2739583333 0.8064814815 0.04583333333 0.03518518519
5 0.6041666667 0.9527777778 0.08333333333 0.09074074074
1 0.3791666667 0.4148148148 0.075 0.03703703704
1 0.2489583333 0.4046296296 0.07083333333 0.04259259259
1 0.278125 0.6296296296 0.08125 0.04814814815
1 0.3083333333 0.4564814815 0.07083333333 0.05
1 0.3088541667 0.7824074074 0.05729166667 0.05
1 0.225 0.7212962963 0.06458333333 0.04259259259
1 0.390625 0.5527777778 0.07083333333 0.05740740741
1 0.2729166667 0.7416666667 0.04583333333 0.0462962963
1 0.2677083333 0.5990740741 0.05833333333 0.0462962963
1 0.2401041667 0.6518518519 0.04270833333 0.02592592593
