5 0.471875 0.8925925926 0.04583333333 0.08518518519
1 0.7515625 0.7046296296 0.065625 0.08703703704
1 0.6604166667 0.7509259259 0.0625 0.1240740741
1 0.5869791667 0.8944444444 0.08645833333 0.1740740741
1 0.7130208333 0.887962963 0.08229166667 0.1166666667
1 0.8348958333 0.8666666667 0.02604166667 0.08518518519
1 0.8072916667 0.8916666667 0.02708333333 0.09814814815
1 0.5875 0.9666666667 0.06041666667 0.06296296296
1 0.58125 0.9101851852 0.01875 0.1425925926
1 0.7223958333 0.8092592593 0.08854166667 0.05185185185
1 0.6916666667 0.9740740741 0.04583333333 0.04814814815
1 0.83125 0.737962963 0.07083333333 0.05740740741
