5 0.4515625 0.9351851852 0.07395833333 0.1074074074
3 0.6453125 0.8148148148 0.04479166667 0.05555555556
1 0.0453125 0.7101851852 0.06354166667 0.02777777778
1 0.06927083333 0.7731481481 0.053125 0.03148148148
1 0.04791666667 0.7333333333 0.06458333333 0.04074074074
1 0.06822916667 0.6305555556 0.071875 0.06111111111
1 0.01927083333 0.8342592593 0.03854166667 0.03148148148
1 0.0296875 0.8981481481 0.059375 0.04814814815
1 0.02083333333 0.6148148148 0.04166666667 0.0962962963
1 0.0140625 0.8111111111 0.028125 0.02222222222
