1 0.5317708333 0.2768518519 0.053125 0.03518518519
1 0.496875 0.3564814815 0.06666666667 0.03888888889
1 0.5005208333 0.4046296296 0.04895833333 0.03518518519
1 0.5354166667 0.4444444444 0.04166666667 0.02592592593
1 0.534375 0.4046296296 0.05 0.0462962963
1 0.5546875 0.3064814815 0.05520833333 0.03148148148
1 0.4984375 0.3685185185 0.05520833333 0.03333333333
1 0.5182291667 0.5148148148 0.04895833333 0.02962962963
1 0.5645833333 0.4101851852 0.05416666667 0.03888888889
1 0.5270833333 0.4166666667 0.03541666667 0.02222222222
5 0.6041666667 0.9527777778 0.08333333333 0.09074074074
1 0.6307291667 0.2296296296 0.04479166667 0.04814814815
1 0.5588541667 0.2222222222 0.03645833333 0.03333333333
1 0.590625 0.3453703704 0.04166666667 0.02407407407
1 0.6692708333 0.2814814815 0.04479166667 0.04444444444
1 0.6588541667 0.35 0.034375 0.02962962963
1 0.5546875 0.4666666667 0.04479166667 0.03333333333
1 0.5901041667 0.437037037 0.01979166667 0.02592592593
