1 0.21875 0.5416666667 0.05625 0.05
1 0.1807291667 0.6972222222 0.05520833333 0.07592592593
1 0.1760416667 0.6388888889 0.03958333333 0.03703703704
1 0.228125 0.7185185185 0.075 0.05185185185
1 0.2135416667 0.5657407407 0.07291666667 0.0537037037
1 0.171875 0.7592592593 0.04791666667 0.03333333333
1 0.3473958333 0.7435185185 0.07395833333 0.05
1 0.2640625 0.812962963 0.04479166667 0.03333333333
5 0.6041666667 0.9527777778 0.08333333333 0.09074074074
1 0.3609375 0.4231481481 0.071875 0.04259259259
1 0.24375 0.4231481481 0.06666666667 0.0462962963
1 0.2677083333 0.637037037 0.075 0.04814814815
1 0.3104166667 0.4694444444 0.07708333333 0.0537037037
1 0.2901041667 0.8138888889 0.05729166667 0.0462962963
1 0.221875 0.7212962963 0.06458333333 0.04259259259
1 0.384375 0.562962963 0.075 0.07777777778
1 0.2666666667 0.7481481481 0.04583333333 0.03703703704
1 0.2666666667 0.6046296296 0.05833333333 0.0537037037
1 0.2286458333 0.6592592593 0.04270833333 0.02962962963
