5 0.4515625 0.9351851852 0.07395833333 0.1074074074
3 0.6427083333 0.8231481481 0.03958333333 0.05
1 0.109375 0.7546296296 0.05625 0.03888888889
1 0.1197916667 0.8527777778 0.0625 0.04259259259
1 0.0546875 0.7796296296 0.06770833333 0.05925925926
1 0.03229166667 0.787037037 0.03958333333 0.03333333333
1 0.04583333333 0.7333333333 0.06875 0.07037037037
1 0.04322916667 0.9435185185 0.059375 0.04259259259
1 0.03072916667 0.8861111111 0.06145833333 0.03888888889
1 0.0125 0.9407407407 0.025 0.02222222222
