5 0.471875 0.8925925926 0.04583333333 0.08518518519
1 0.7546875 0.7157407407 0.065625 0.08333333333
1 0.6354166667 0.7824074074 0.06041666667 0.09444444444
3 0.553125 0.9398148148 0.0375 0.06481481481
1 0.6354166667 0.8472222222 0.06041666667 0.1796296296
1 0.7390625 0.8296296296 0.05729166667 0.1555555556
1 0.8333333333 0.8611111111 0.025 0.07037037037
1 0.5869791667 0.9722222222 0.040625 0.05185185185
1 0.6588541667 0.8462962963 0.028125 0.0962962963
1 0.6765625 0.8435185185 0.06145833333 0.07962962963
1 0.7880208333 0.812037037 0.05520833333 0.05
1 0.8052083333 0.7203703704 0.05 0.04814814815
1 0.6416666667 0.9472222222 0.06041666667 0.06111111111
