1 0.4354166667 0.8138888889 0.1 0.07592592593
1 0.2802083333 0.6037037037 0.1083333333 0.1185185185
1 0.4713541667 0.7277777778 0.1364583333 0.0962962963
1 0.3479166667 0.7185185185 0.1125 0.1037037037
1 0.41875 0.7861111111 0.1083333333 0.1055555556
1 0.2020833333 0.7203703704 0.0875 0.1555555556
1 0.5630208333 0.7759259259 0.134375 0.1111111111
1 0.4130208333 0.5564814815 0.1489583333 0.09814814815
1 0.2432291667 0.7638888889 0.1239583333 0.1092592593
1 0.29375 0.825 0.09166666667 0.1166666667
1 0.1854166667 0.9138888889 0.1229166667 0.09814814815
1 0.3046875 0.9111111111 0.09270833333 0.08888888889
1 0.4286458333 0.9046296296 0.1322916667 0.1462962963
1 0.1880208333 0.9342592593 0.1447916667 0.1277777778
