5 0.4515625 0.9351851852 0.07395833333 0.1074074074
3 0.64375 0.8231481481 0.03958333333 0.05
1 0.1088541667 0.7546296296 0.05520833333 0.03888888889
1 0.1203125 0.8490740741 0.06145833333 0.04259259259
1 0.05572916667 0.7768518519 0.06770833333 0.0537037037
1 0.02291666667 0.7759259259 0.03125 0.02962962963
1 0.04739583333 0.7296296296 0.06770833333 0.07037037037
1 0.03697916667 0.9351851852 0.06145833333 0.04074074074
1 0.0296875 0.8851851852 0.059375 0.03703703704
1 0.01979166667 0.95 0.03958333333 0.01851851852
