1 0.21875 0.537037037 0.05625 0.05185185185
1 0.1807291667 0.6805555556 0.05520833333 0.07962962963
1 0.1822916667 0.6259259259 0.03958333333 0.03703703704
1 0.2296875 0.7185185185 0.07604166667 0.04814814815
1 0.215625 0.5574074074 0.07083333333 0.05555555556
1 0.1739583333 0.7444444444 0.04791666667 0.03333333333
1 0.3526041667 0.737962963 0.07395833333 0.05
1 0.26875 0.8083333333 0.04583333333 0.03518518519
5 0.6041666667 0.9527777778 0.08333333333 0.09074074074
1 0.3682291667 0.4166666667 0.071875 0.03333333333
1 0.2458333333 0.4111111111 0.07083333333 0.05185185185
1 0.2723958333 0.6333333333 0.078125 0.04814814815
1 0.3083333333 0.462962963 0.075 0.05555555556
1 0.2942708333 0.8037037037 0.05729166667 0.04074074074
1 0.221875 0.7212962963 0.06458333333 0.04259259259
1 0.3859375 0.5583333333 0.071875 0.06851851852
1 0.26875 0.7481481481 0.04583333333 0.04074074074
1 0.2666666667 0.6018518519 0.05833333333 0.04814814815
1 0.2338541667 0.6555555556 0.04270833333 0.02592592593
