5 0.4526041667 0.9333333333 0.07395833333 0.1074074074
3 0.6421875 0.8055555556 0.04479166667 0.05555555556
1 0.0125 0.7212962963 0.025 0.01666666667
1 0.01770833333 0.8064814815 0.03541666667 0.02777777778
1 0.02239583333 0.725 0.04479166667 0.0462962963
1 0.02708333333 0.6055555556 0.05416666667 0.02592592593
1 0.0328125 0.8740740741 0.065625 0.02592592593
1 0.0640625 0.9722222222 0.08229166667 0.04444444444
1 0.028125 0.5842592593 0.05625 0.02037037037
1 0.06302083333 0.7768518519 0.07604166667 0.05
1 0.01614583333 0.4314814815 0.03229166667 0.06666666667
