1 0.2338541667 0.8175925926 0.109375 0.1314814815
1 0.1213541667 0.8824074074 0.07395833333 0.2092592593
1 0.1890625 0.5481481481 0.07395833333 0.2296296296
1 0.2270833333 0.9166666667 0.07291666667 0.162962963
1 0.1192708333 0.8240740741 0.096875 0.1555555556
1 0.08333333333 0.6712962963 0.07083333333 0.1796296296
1 0.1375 0.5277777778 0.04791666667 0.2444444444
1 0.03854166667 0.962037037 0.06666666667 0.07222222222
1 0.05885416667 0.5222222222 0.05104166667 0.2333333333
1 0.02760416667 0.6805555556 0.05104166667 0.2018518519
