1 0.4796875 0.2925925926 0.06145833333 0.03333333333
1 0.4385416667 0.3212962963 0.05416666667 0.02777777778
1 0.4515625 0.4148148148 0.05520833333 0.03703703704
1 0.4828125 0.4342592593 0.06979166667 0.04259259259
1 0.4817708333 0.437962963 0.071875 0.04259259259
1 0.5088541667 0.3018518519 0.059375 0.02962962963
1 0.4494791667 0.3638888889 0.06354166667 0.05
1 0.4572916667 0.5009259259 0.04166666667 0.02777777778
1 0.5567708333 0.5287037037 0.040625 0.03148148148
1 0.4640625 0.4638888889 0.04479166667 0.02777777778
5 0.6041666667 0.9527777778 0.08333333333 0.09074074074
1 0.6510416667 0.2648148148 0.05416666667 0.03703703704
1 0.546875 0.2398148148 0.05625 0.02777777778
1 0.5510416667 0.3990740741 0.06666666667 0.04259259259
1 0.6505208333 0.3203703704 0.04479166667 0.04444444444
1 0.61875 0.3898148148 0.04791666667 0.04259259259
1 0.490625 0.4953703704 0.05416666667 0.05740740741
1 0.6109375 0.3398148148 0.028125 0.03518518519
1 0.5640625 0.4611111111 0.05104166667 0.03333333333
