1 0.428125 0.7574074074 0.06666666667 0.1
1 0.4911458333 0.6518518519 0.065625 0.1111111111
1 0.4239583333 0.6277777778 0.1020833333 0.1777777778
1 0.2010416667 0.5703703704 0.1166666667 0.162962963
1 0.4994791667 0.7092592593 0.090625 0.1481481481
1 0.3510416667 0.4694444444 0.09583333333 0.1314814815
1 0.2109375 0.712037037 0.103125 0.1018518519
1 0.2947916667 0.7203703704 0.09791666667 0.1444444444
1 0.1473958333 0.8074074074 0.084375 0.1407407407
1 0.3494791667 0.7 0.07395833333 0.1037037037
1 0.2901041667 0.8398148148 0.1177083333 0.212962963
1 0.2364583333 0.9009259259 0.1 0.187037037
1 0.3026041667 0.9166666667 0.103125 0.1407407407
1 0.3791666667 0.9509259259 0.03958333333 0.07222222222
1 0.2359375 0.5740740741 0.1114583333 0.1259259259
1 0.4166666667 0.9231481481 0.08333333333 0.09814814815
1 0.3213541667 0.8537037037 0.078125 0.1185185185
