5 0.4526041667 0.9333333333 0.07395833333 0.1074074074
3 0.6421875 0.8055555556 0.04479166667 0.05555555556
1 0.0125 0.7287037037 0.025 0.01666666667
1 0.01979166667 0.8027777778 0.03958333333 0.02407407407
1 0.02083333333 0.7259259259 0.04166666667 0.04444444444
1 0.02708333333 0.5925925926 0.05416666667 0.02962962963
1 0.03177083333 0.8685185185 0.06145833333 0.02592592593
1 0.05833333333 0.9722222222 0.08125 0.04444444444
1 0.028125 0.5768518519 0.05625 0.02037037037
1 0.05989583333 0.7759259259 0.07604166667 0.04814814815
1 0.01770833333 0.4259259259 0.03541666667 0.07777777778
