1 0.4354166667 0.7398148148 0.1020833333 0.1611111111
1 0.2552083333 0.7064814815 0.08125 0.1833333333
1 0.50625 0.7935185185 0.09791666667 0.112962963
1 0.3270833333 0.6564814815 0.08541666667 0.1425925926
1 0.2979166667 0.737037037 0.06875 0.08148148148
1 0.2244791667 0.8962962963 0.05104166667 0.05925925926
1 0.3895833333 0.6666666667 0.09375 0.1111111111
1 0.2557291667 0.8212962963 0.1302083333 0.1648148148
1 0.26875 0.95 0.08333333333 0.0962962963
1 0.3598958333 0.9537037037 0.090625 0.08888888889
1 0.2338541667 0.8490740741 0.03854166667 0.07222222222
1 0.2401041667 0.6583333333 0.09895833333 0.1574074074
1 0.4822916667 0.9361111111 0.08958333333 0.1166666667
1 0.3588541667 0.9037037037 0.084375 0.1074074074
1 0.3177083333 0.8018518519 0.075 0.1222222222
