1 0.2177083333 0.5462962963 0.05625 0.04444444444
1 0.1828125 0.7138888889 0.05520833333 0.07222222222
1 0.16875 0.6481481481 0.03958333333 0.03333333333
1 0.2244791667 0.7194444444 0.07604166667 0.0537037037
1 0.2067708333 0.575 0.07395833333 0.0537037037
1 0.1708333333 0.7703703704 0.04791666667 0.03333333333
1 0.3453125 0.7481481481 0.07395833333 0.04814814815
1 0.2619791667 0.8148148148 0.04479166667 0.03333333333
5 0.6041666667 0.9527777778 0.08333333333 0.09074074074
1 0.3567708333 0.4268518519 0.071875 0.05
1 0.2395833333 0.437037037 0.06666666667 0.04444444444
1 0.2666666667 0.6416666667 0.075 0.0537037037
1 0.3114583333 0.4768518519 0.07708333333 0.0537037037
1 0.2859375 0.8231481481 0.05729166667 0.04259259259
1 0.21875 0.7287037037 0.06458333333 0.04259259259
1 0.3802083333 0.5666666667 0.07708333333 0.08148148148
1 0.265625 0.7509259259 0.04583333333 0.03518518519
1 0.2619791667 0.6148148148 0.05104166667 0.05185185185
1 0.2213541667 0.662962963 0.04270833333 0.02962962963
