1 0.4458333333 0.562962963 0.1125 0.1407407407
1 0.3421875 0.6490740741 0.109375 0.09074074074
1 0.4427083333 0.6046296296 0.13125 0.15
1 0.21875 0.6166666667 0.125 0.1333333333
1 0.5015625 0.6796296296 0.1072916667 0.137037037
1 0.3390625 0.4722222222 0.128125 0.1296296296
1 0.203125 0.6888888889 0.1 0.1
1 0.2588541667 0.7314814815 0.1052083333 0.1222222222
1 0.15625 0.7592592593 0.1041666667 0.137037037
1 0.3286458333 0.7972222222 0.09479166667 0.07962962963
1 0.3583333333 0.837962963 0.1208333333 0.1722222222
1 0.2015625 0.8592592593 0.121875 0.1518518519
1 0.2505208333 0.9277777778 0.1072916667 0.1407407407
1 0.40625 0.9657407407 0.06666666667 0.05740740741
1 0.2479166667 0.8175925926 0.0875 0.1351851852
