1 0.4796875 0.2962962963 0.06145833333 0.03333333333
1 0.440625 0.3231481481 0.05416666667 0.02777777778
1 0.4536458333 0.4157407407 0.053125 0.03518518519
1 0.4927083333 0.437962963 0.06666666667 0.03518518519
1 0.4895833333 0.4388888889 0.07291666667 0.03703703704
1 0.5078125 0.3009259259 0.05520833333 0.02777777778
1 0.4520833333 0.3657407407 0.05833333333 0.0462962963
1 0.4609375 0.5027777778 0.046875 0.02777777778
1 0.5614583333 0.5277777778 0.0375 0.02962962963
1 0.4744791667 0.4601851852 0.04479166667 0.02777777778
5 0.6041666667 0.9527777778 0.08333333333 0.09074074074
1 0.6510416667 0.2648148148 0.05416666667 0.03703703704
1 0.546875 0.2398148148 0.05625 0.02777777778
1 0.5541666667 0.3916666667 0.06458333333 0.05
1 0.6515625 0.3166666667 0.04479166667 0.04444444444
1 0.6260416667 0.3805555556 0.0375 0.03888888889
1 0.4927083333 0.4953703704 0.05416666667 0.05740740741
1 0.6109375 0.3398148148 0.028125 0.03518518519
1 0.5755208333 0.45 0.05104166667 0.03333333333
