1 0.4395833333 0.7583333333 0.1020833333 0.1611111111
1 0.2739583333 0.7138888889 0.07916666667 0.1833333333
1 0.5109375 0.7944444444 0.09895833333 0.1111111111
1 0.3375 0.6666666667 0.08541666667 0.1407407407
1 0.3953125 0.6740740741 0.08645833333 0.1259259259
1 0.2515625 0.8462962963 0.1010416667 0.1814814815
1 0.2796875 0.9657407407 0.07604166667 0.06481481481
1 0.3598958333 0.9527777778 0.090625 0.09074074074
1 0.2338541667 0.8490740741 0.03854166667 0.07222222222
1 0.2489583333 0.6907407407 0.09583333333 0.1444444444
1 0.4953125 0.937962963 0.08645833333 0.1092592593
1 0.3677083333 0.9138888889 0.08125 0.1092592593
1 0.3270833333 0.8009259259 0.07291666667 0.1240740741
1 0.5458333333 0.8398148148 0.07916666667 0.1055555556
