1 0.3755208333 0.2851851852 0.071875 0.03703703704
1 0.371875 0.2972222222 0.06666666667 0.03148148148
1 0.3625 0.4453703704 0.06041666667 0.03148148148
1 0.38125 0.4861111111 0.06458333333 0.03888888889
1 0.3796875 0.5259259259 0.05104166667 0.05185185185
1 0.4166666667 0.3148148148 0.06666666667 0.03703703704
1 0.3447916667 0.3990740741 0.07083333333 0.0537037037
1 0.3864583333 0.5435185185 0.0375 0.04259259259
1 0.48125 0.5157407407 0.06458333333 0.03148148148
5 0.6041666667 0.9527777778 0.08333333333 0.09074074074
1 0.5671875 0.2685185185 0.07395833333 0.03333333333
1 0.4619791667 0.4314814815 0.06145833333 0.03703703704
1 0.5833333333 0.3148148148 0.06666666667 0.03703703704
1 0.5291666667 0.4527777778 0.05833333333 0.03888888889
1 0.40625 0.5805555556 0.06666666667 0.06111111111
1 0.5234375 0.3462962963 0.06145833333 0.05555555556
1 0.434375 0.4351851852 0.04583333333 0.03333333333
1 0.4630208333 0.4898148148 0.05520833333 0.0462962963
1 0.4364583333 0.4731481481 0.05208333333 0.03518518519
