5 0.4526041667 0.9333333333 0.07395833333 0.1074074074
3 0.6411458333 0.8018518519 0.04479166667 0.05555555556
1 0.01197916667 0.7222222222 0.02395833333 0.01851851852
1 0.01770833333 0.8111111111 0.03541666667 0.02222222222
1 0.02916666667 0.7166666667 0.05625 0.05555555556
1 0.02760416667 0.6240740741 0.05520833333 0.03333333333
1 0.0359375 0.8787037037 0.06770833333 0.03148148148
1 0.06614583333 0.9666666667 0.08229166667 0.04444444444
1 0.03645833333 0.6037037037 0.06458333333 0.02962962963
1 0.07760416667 0.7962962963 0.07604166667 0.05185185185
1 0.0109375 0.4509259259 0.021875 0.06481481481
