1 0.4484375 0.5407407407 0.1135416667 0.1555555556
1 0.3348958333 0.6435185185 0.1010416667 0.08703703704
1 0.4484375 0.5916666667 0.134375 0.1462962963
1 0.2208333333 0.587037037 0.125 0.1296296296
1 0.5015625 0.6759259259 0.1072916667 0.1444444444
1 0.3333333333 0.4675925926 0.1229166667 0.1314814815
1 0.1994791667 0.6768518519 0.1072916667 0.112962963
1 0.2682291667 0.7092592593 0.115625 0.1481481481
1 0.1609375 0.7462962963 0.103125 0.137037037
1 0.3296875 0.7787037037 0.09895833333 0.08703703704
1 0.3479166667 0.8333333333 0.1333333333 0.1851851852
1 0.2057291667 0.8481481481 0.121875 0.1703703704
1 0.2463541667 0.9361111111 0.090625 0.1166666667
1 0.4052083333 0.962962963 0.06666666667 0.06666666667
1 0.2505208333 0.8203703704 0.08854166667 0.137037037
