5 0.471875 0.8925925926 0.04583333333 0.08518518519
1 0.7552083333 0.712962963 0.06875 0.06296296296
1 0.6375 0.7916666667 0.05 0.09074074074
3 0.5557291667 0.9425925926 0.040625 0.06666666667
1 0.6463541667 0.8435185185 0.046875 0.1685185185
1 0.7510416667 0.837962963 0.05625 0.1462962963
1 0.8333333333 0.8611111111 0.025 0.07037037037
1 0.6723958333 0.8648148148 0.02604166667 0.09259259259
1 0.684375 0.875 0.05625 0.07962962963
1 0.784375 0.737037037 0.06875 0.07037037037
1 0.6484375 0.9657407407 0.06354166667 0.06481481481
