1 0.4296875 0.7453703704 0.05729166667 0.06481481481
1 0.4588541667 0.5611111111 0.096875 0.1296296296
1 0.3161458333 0.6324074074 0.078125 0.09074074074
1 0.415625 0.6027777778 0.1291666667 0.1166666667
1 0.2114583333 0.5324074074 0.125 0.1574074074
1 0.5015625 0.6712962963 0.1072916667 0.1351851852
1 0.3104166667 0.4472222222 0.1104166667 0.1462962963
1 0.2 0.6657407407 0.1166666667 0.1166666667
1 0.2588541667 0.6851851852 0.096875 0.162962963
1 0.1661458333 0.7240740741 0.103125 0.137037037
1 0.33125 0.7314814815 0.09375 0.1074074074
1 0.3177083333 0.8324074074 0.1229166667 0.1759259259
1 0.2192708333 0.8333333333 0.115625 0.1777777778
1 0.2302083333 0.9351851852 0.06458333333 0.1
1 0.3989583333 0.9546296296 0.075 0.07592592593
1 0.2489583333 0.8314814815 0.0875 0.1185185185
1 0.2395833333 0.5657407407 0.1020833333 0.1240740741
