5 0.4526041667 0.9407407407 0.07395833333 0.1
3 0.6427083333 0.8 0.0375 0.04814814815
1 0.01666666667 0.7796296296 0.03333333333 0.02222222222
1 0.0296875 0.7166666667 0.05520833333 0.02962962963
1 0.02447916667 0.6157407407 0.04895833333 0.03148148148
1 0.02760416667 0.8768518519 0.05520833333 0.03148148148
1 0.03072916667 0.9851851852 0.06145833333 0.02592592593
1 0.03645833333 0.6796296296 0.06875 0.03333333333
1 0.03645833333 0.8305555556 0.07291666667 0.05
1 0.01302083333 0.5481481481 0.02604166667 0.03333333333
