5 0.471875 0.8925925926 0.04583333333 0.08518518519
1 0.7598958333 0.712962963 0.06770833333 0.05925925926
1 0.6739583333 0.7388888889 0.04375 0.06666666667
1 0.5713541667 0.925 0.07604166667 0.1462962963
1 0.70625 0.9212962963 0.07708333333 0.1277777778
1 0.8354166667 0.8824074074 0.02708333333 0.09074074074
1 0.7942708333 0.9435185185 0.03020833333 0.09814814815
1 0.5864583333 0.9787037037 0.05 0.03888888889
1 0.7729166667 0.8842592593 0.01875 0.1055555556
1 0.834375 0.7601851852 0.075 0.06851851852
