5 0.471875 0.8925925926 0.04583333333 0.08518518519
1 0.7583333333 0.7083333333 0.07083333333 0.0537037037
1 0.6697916667 0.737962963 0.0625 0.1055555556
1 0.5765625 0.9157407407 0.08854166667 0.1648148148
1 0.7104166667 0.9018518519 0.07916666667 0.1111111111
1 0.8359375 0.8759259259 0.02604166667 0.0962962963
1 0.8020833333 0.9212962963 0.02708333333 0.09814814815
1 0.5890625 0.9731481481 0.059375 0.05
1 0.5546875 0.9435185185 0.01770833333 0.1092592593
1 0.75 0.8157407407 0.07083333333 0.0462962963
1 0.8276041667 0.7490740741 0.071875 0.06851851852
