1 0.2208333333 0.5101851852 0.05208333333 0.0537037037
1 0.1791666667 0.6324074074 0.05416666667 0.07592592593
1 0.1979166667 0.587037037 0.04375 0.05185185185
1 0.2442708333 0.6962962963 0.078125 0.05185185185
1 0.2260416667 0.5203703704 0.06666666667 0.06296296296
1 0.1963541667 0.6944444444 0.05520833333 0.04444444444
1 0.3614583333 0.7203703704 0.07291666667 0.04444444444
1 0.2765625 0.8046296296 0.04895833333 0.03888888889
5 0.6041666667 0.9527777778 0.08333333333 0.09074074074
1 0.4125 0.4009259259 0.075 0.0462962963
1 0.2572916667 0.3990740741 0.06875 0.03888888889
1 0.2958333333 0.6185185185 0.08333333333 0.05555555556
1 0.3125 0.4398148148 0.07083333333 0.05
1 0.3276041667 0.7564814815 0.06145833333 0.05
1 0.23125 0.7175925926 0.06458333333 0.04259259259
1 0.3984375 0.5342592593 0.08020833333 0.05740740741
1 0.2760416667 0.7361111111 0.04583333333 0.0462962963
1 0.2677083333 0.5962962963 0.05 0.03703703704
1 0.2473958333 0.6398148148 0.04270833333 0.03148148148
