1 0.503125 0.737037037 0.05 0.08888888889
1 0.4333333333 0.6962962963 0.1020833333 0.1518518519
1 0.2119791667 0.6342592593 0.08020833333 0.187037037
1 0.4833333333 0.787037037 0.075 0.1037037037
1 0.3208333333 0.5888888889 0.09166666667 0.1444444444
1 0.2317708333 0.7509259259 0.06770833333 0.09074074074
1 0.1911458333 0.8388888889 0.071875 0.137037037
1 0.3786458333 0.6842592593 0.08229166667 0.08333333333
1 0.2953125 0.7981481481 0.153125 0.1851851852
1 0.2447916667 0.9435185185 0.09166666667 0.1092592593
1 0.3291666667 0.9388888889 0.08125 0.1185185185
1 0.2338541667 0.8490740741 0.03854166667 0.07222222222
1 0.2546875 0.6009259259 0.06145833333 0.09444444444
1 0.4473958333 0.9203703704 0.084375 0.0962962963
1 0.3333333333 0.8740740741 0.08125 0.1296296296
1 0.4338541667 0.9537037037 0.06770833333 0.08518518519
