1 0.5380208333 0.275 0.04479166667 0.03888888889
1 0.5046875 0.3555555556 0.05520833333 0.04444444444
1 0.5125 0.3935185185 0.04166666667 0.03518518519
1 0.5401041667 0.4333333333 0.04895833333 0.02592592593
1 0.546875 0.4 0.05208333333 0.04074074074
1 0.5557291667 0.3046296296 0.05104166667 0.02777777778
1 0.5088541667 0.3657407407 0.06145833333 0.03888888889
1 0.5244791667 0.5055555556 0.05520833333 0.02962962963
1 0.575 0.3990740741 0.03958333333 0.03518518519
1 0.5395833333 0.4092592593 0.03541666667 0.02222222222
5 0.6041666667 0.9527777778 0.08333333333 0.09074074074
1 0.6270833333 0.2212962963 0.0375 0.04259259259
1 0.5682291667 0.2018518519 0.03645833333 0.02592592593
1 0.5932291667 0.3342592593 0.04479166667 0.02777777778
1 0.6755208333 0.2740740741 0.04479166667 0.04444444444
1 0.6630208333 0.3657407407 0.03020833333 0.02777777778
1 0.5557291667 0.4666666667 0.04479166667 0.03333333333
1 0.5901041667 0.4407407407 0.01979166667 0.02592592593
