1 0.4947916667 0.8925925926 0.07916666667 0.1296296296
1 0.3546875 0.8351851852 0.103125 0.09259259259
1 0.5432291667 0.787037037 0.09270833333 0.08518518519
1 0.4197916667 0.7333333333 0.09166666667 0.1148148148
1 0.4786458333 0.6962962963 0.08229166667 0.08518518519
1 0.3411458333 0.8972222222 0.121875 0.1425925926
1 0.2338541667 0.8490740741 0.03854166667 0.07222222222
1 0.3328125 0.8287037037 0.1197916667 0.07962962963
1 0.5567708333 0.9166666667 0.08854166667 0.08888888889
1 0.4020833333 0.7925925926 0.08958333333 0.08888888889
1 0.5682291667 0.8675925926 0.08229166667 0.07592592593
1 0.3052083333 0.9805555556 0.06666666667 0.03518518519
1 0.4114583333 0.912037037 0.0875 0.07592592593
