5 0.4526041667 0.9333333333 0.07395833333 0.1074074074
3 0.6473958333 0.8074074074 0.04479166667 0.05555555556
1 0.015625 0.7324074074 0.03125 0.02407407407
1 0.04791666667 0.7731481481 0.06041666667 0.03148148148
1 0.021875 0.7027777778 0.04375 0.02777777778
1 0.0609375 0.5768518519 0.071875 0.05
1 0.02135416667 0.8083333333 0.04270833333 0.03148148148
1 0.02604166667 0.8657407407 0.05208333333 0.03518518519
1 0.05104166667 0.5194444444 0.06458333333 0.04259259259
1 0.01145833333 0.7555555556 0.02291666667 0.02222222222
1 0.03697916667 0.3675925926 0.021875 0.1166666667
