1 0.4463541667 0.8296296296 0.09895833333 0.1444444444
1 0.3083333333 0.8018518519 0.08541666667 0.1333333333
1 0.51875 0.8212962963 0.1 0.1092592593
1 0.3557291667 0.7018518519 0.08020833333 0.1037037037
1 0.4359375 0.725 0.078125 0.1018518519
1 0.2932291667 0.9055555556 0.115625 0.1407407407
1 0.2984375 0.9712962963 0.07395833333 0.0537037037
1 0.3786458333 0.9435185185 0.08645833333 0.1092592593
1 0.2338541667 0.8490740741 0.03854166667 0.07222222222
1 0.2838541667 0.7425925926 0.090625 0.1074074074
1 0.5223958333 0.9185185185 0.09479166667 0.1
1 0.3432291667 0.8259259259 0.06145833333 0.0962962963
1 0.5572916667 0.8694444444 0.08541666667 0.08333333333
1 0.4661458333 0.9824074074 0.05104166667 0.03148148148
1 0.2619791667 0.8898148148 0.08229166667 0.09074074074
