1 0.4208333333 0.75 0.07083333333 0.09259259259
1 0.484375 0.6268518519 0.06458333333 0.1462962963
1 0.40625 0.5925925926 0.09375 0.1814814815
1 0.2015625 0.5564814815 0.1135416667 0.1685185185
1 0.4864583333 0.6833333333 0.08333333333 0.1666666667
1 0.3526041667 0.45 0.1114583333 0.137037037
1 0.1875 0.7074074074 0.10625 0.1296296296
1 0.2859375 0.712962963 0.09479166667 0.1407407407
1 0.1447916667 0.787037037 0.10625 0.1444444444
1 0.3427083333 0.7046296296 0.07291666667 0.07962962963
1 0.2807291667 0.8185185185 0.1114583333 0.237037037
1 0.215625 0.8638888889 0.0875 0.1759259259
1 0.2869791667 0.9074074074 0.103125 0.1407407407
1 0.3942708333 0.9175925926 0.08645833333 0.1018518519
1 0.2338541667 0.8490740741 0.03854166667 0.07222222222
1 0.2432291667 0.5564814815 0.115625 0.1166666667
1 0.4182291667 0.9537037037 0.103125 0.07777777778
