5 0.4515625 0.9351851852 0.07395833333 0.1074074074
3 0.6432291667 0.8231481481 0.04270833333 0.0537037037
1 0.1020833333 0.7462962963 0.05625 0.04444444444
1 0.1203125 0.8333333333 0.06145833333 0.04074074074
1 0.0578125 0.7824074074 0.06770833333 0.0462962963
1 0.0203125 0.75 0.040625 0.02592592593
1 0.05208333333 0.7111111111 0.05416666667 0.06296296296
1 0.01666666667 0.9111111111 0.03333333333 0.02962962963
1 0.0296875 0.8824074074 0.059375 0.05
1 0.0234375 0.9518518519 0.046875 0.04074074074
