1 0.4515625 0.8101851852 0.090625 0.1462962963
1 0.3052083333 0.7925925926 0.08541666667 0.1407407407
1 0.5177083333 0.8194444444 0.1 0.1092592593
1 0.3661458333 0.687962963 0.103125 0.112962963
1 0.4307291667 0.7175925926 0.084375 0.112962963
1 0.2859375 0.9055555556 0.1135416667 0.1444444444
1 0.2947916667 0.9731481481 0.07083333333 0.05
1 0.3770833333 0.9407407407 0.0875 0.1148148148
1 0.2338541667 0.8490740741 0.03854166667 0.07222222222
1 0.2755208333 0.7435185185 0.09270833333 0.1018518519
1 0.5135416667 0.9212962963 0.0875 0.09814814815
1 0.3411458333 0.8259259259 0.06145833333 0.0962962963
1 0.5598958333 0.8685185185 0.08229166667 0.07777777778
1 0.4651041667 0.9833333333 0.05104166667 0.02962962963
1 0.2630208333 0.8898148148 0.08229166667 0.09074074074
