5 0.471875 0.8925925926 0.04583333333 0.08518518519
1 0.7515625 0.7074074074 0.065625 0.1
1 0.6395833333 0.7675925926 0.05625 0.1055555556
3 0.5526041667 0.9407407407 0.03645833333 0.06666666667
1 0.6161458333 0.8472222222 0.059375 0.1685185185
1 0.7244791667 0.8666666667 0.06979166667 0.1296296296
1 0.8322916667 0.8611111111 0.025 0.07037037037
1 0.5833333333 0.9555555556 0.05625 0.08518518519
1 0.6328125 0.8574074074 0.01770833333 0.1037037037
1 0.6760416667 0.8064814815 0.07291666667 0.08703703704
1 0.7864583333 0.7962962963 0.06041666667 0.08148148148
1 0.6541666667 0.937962963 0.06875 0.08333333333
1 0.8265625 0.7138888889 0.065625 0.0537037037
