1 0.4473958333 0.837037037 0.096875 0.1444444444
1 0.3109375 0.7990740741 0.08854166667 0.1351851852
1 0.51875 0.8212962963 0.1 0.1092592593
1 0.3578125 0.7092592593 0.08020833333 0.0962962963
1 0.4364583333 0.7333333333 0.07291666667 0.09259259259
1 0.2947916667 0.9074074074 0.1166666667 0.1407407407
1 0.2994791667 0.9712962963 0.07395833333 0.0537037037
1 0.3833333333 0.9453703704 0.08541666667 0.1055555556
1 0.2338541667 0.8490740741 0.03854166667 0.07222222222
1 0.2869791667 0.7407407407 0.08854166667 0.1111111111
1 0.5234375 0.9212962963 0.09479166667 0.1018518519
1 0.3473958333 0.8277777778 0.06145833333 0.0962962963
1 0.55625 0.8694444444 0.08541666667 0.08333333333
1 0.4682291667 0.9824074074 0.05104166667 0.03148148148
1 0.2630208333 0.8935185185 0.08229166667 0.09074074074
