1 0.29375 0.2703703704 0.05833333333 0.05555555556
1 0.2786458333 0.375 0.059375 0.07222222222
1 0.2885416667 0.3925925926 0.04791666667 0.04074074074
1 0.3098958333 0.5055555556 0.06354166667 0.04444444444
1 0.3197916667 0.5574074074 0.05833333333 0.07407407407
1 0.3322916667 0.3009259259 0.07291666667 0.07592592593
1 0.2546875 0.4898148148 0.05520833333 0.08333333333
1 0.378125 0.5712962963 0.05208333333 0.0537037037
1 0.3927083333 0.6074074074 0.06458333333 0.04074074074
5 0.6041666667 0.9527777778 0.08333333333 0.09074074074
1 0.478125 0.2787037037 0.07708333333 0.04259259259
1 0.4088541667 0.1425925926 0.053125 0.03333333333
1 0.3744791667 0.4814814815 0.071875 0.04814814815
1 0.4796875 0.3314814815 0.078125 0.02962962963
1 0.4697916667 0.537037037 0.06041666667 0.04814814815
1 0.3291666667 0.612037037 0.06875 0.04259259259
1 0.4619791667 0.4166666667 0.065625 0.07407407407
1 0.3401041667 0.587037037 0.03020833333 0.02592592593
1 0.378125 0.4231481481 0.05416666667 0.03148148148
1 0.3640625 0.4925925926 0.04895833333 0.02962962963
