5 0.4526041667 0.9333333333 0.07395833333 0.1074074074
3 0.6416666667 0.8 0.03958333333 0.04814814815
1 0.01822916667 0.7268518519 0.03645833333 0.02407407407
1 0.01041666667 0.8222222222 0.02083333333 0.02222222222
1 0.04791666667 0.7138888889 0.0625 0.05
1 0.03333333333 0.6361111111 0.06666666667 0.03518518519
1 0.03125 0.8666666667 0.0625 0.04444444444
1 0.05364583333 0.9462962963 0.08645833333 0.04814814815
1 0.04583333333 0.6425925926 0.05416666667 0.02962962963
1 0.08072916667 0.8157407407 0.08229166667 0.04259259259
1 0.01614583333 0.4990740741 0.03229166667 0.0537037037
