1 0.2708333333 0.3092592593 0.05833333333 0.04074074074
1 0.2604166667 0.4194444444 0.05833333333 0.07962962963
1 0.2651041667 0.3944444444 0.03854166667 0.04444444444
1 0.3015625 0.525 0.053125 0.05
1 0.3083333333 0.5740740741 0.0625 0.07037037037
1 0.31875 0.3231481481 0.07291666667 0.08703703704
1 0.2458333333 0.5601851852 0.05 0.07592592593
1 0.3875 0.5564814815 0.05208333333 0.06111111111
1 0.3703125 0.6333333333 0.05729166667 0.05555555556
5 0.6041666667 0.9527777778 0.08333333333 0.09074074074
1 0.4578125 0.2657407407 0.078125 0.03888888889
1 0.3807291667 0.1388888889 0.053125 0.04074074074
1 0.365625 0.4796296296 0.07291666667 0.05925925926
1 0.4557291667 0.3203703704 0.078125 0.02962962963
1 0.4526041667 0.562037037 0.06145833333 0.0462962963
1 0.3020833333 0.6296296296 0.05833333333 0.05555555556
1 0.4567708333 0.4259259259 0.06979166667 0.07037037037
1 0.325 0.5907407407 0.03125 0.02592592593
1 0.3427083333 0.4296296296 0.06458333333 0.04814814815
