1 0.21875 0.5333333333 0.05416666667 0.05185185185
1 0.1817708333 0.6731481481 0.059375 0.07962962963
1 0.1833333333 0.6240740741 0.04166666667 0.03703703704
1 0.2296875 0.7185185185 0.07604166667 0.04814814815
1 0.2171875 0.5518518519 0.06979166667 0.05555555556
1 0.1776041667 0.7361111111 0.04895833333 0.03518518519
1 0.3546875 0.7361111111 0.07395833333 0.05
1 0.2708333333 0.8064814815 0.04583333333 0.03518518519
5 0.6041666667 0.9527777778 0.08333333333 0.09074074074
1 0.3708333333 0.4185185185 0.075 0.03333333333
1 0.2479166667 0.4092592593 0.07083333333 0.04814814815
1 0.2755208333 0.6333333333 0.078125 0.04814814815
1 0.3098958333 0.4592592593 0.07395833333 0.05555555556
1 0.2994791667 0.7990740741 0.05729166667 0.0462962963
1 0.2229166667 0.7212962963 0.06458333333 0.04259259259
1 0.3869791667 0.5564814815 0.071875 0.06481481481
1 0.26875 0.7462962963 0.04583333333 0.04074074074
1 0.2666666667 0.6 0.05833333333 0.04814814815
1 0.2359375 0.6537037037 0.04270833333 0.02592592593
