5 0.4526041667 0.9333333333 0.07395833333 0.1074074074
3 0.6421875 0.8055555556 0.04479166667 0.05555555556
1 0.0125 0.7287037037 0.025 0.01666666667
1 0.01927083333 0.7805555556 0.034375 0.02407407407
1 0.01822916667 0.7148148148 0.034375 0.02222222222
1 0.03177083333 0.5712962963 0.06354166667 0.03518518519
1 0.02395833333 0.8425925926 0.04791666667 0.02592592593
1 0.02916666667 0.8731481481 0.05833333333 0.0537037037
1 0.03802083333 0.9731481481 0.071875 0.05
1 0.02447916667 0.5537037037 0.04895833333 0.03703703704
1 0.04375 0.7601851852 0.0625 0.03148148148
1 0.03125 0.3814814815 0.06041666667 0.07777777778
