5 0.4515625 0.9351851852 0.07395833333 0.1074074074
3 0.6453125 0.8148148148 0.04479166667 0.05555555556
1 0.05052083333 0.7083333333 0.06354166667 0.02777777778
1 0.07135416667 0.7731481481 0.05104166667 0.02777777778
1 0.05260416667 0.7462962963 0.06145833333 0.05185185185
1 0.06927083333 0.6361111111 0.071875 0.06111111111
1 0.0203125 0.8388888889 0.040625 0.03333333333
1 0.0328125 0.9175925926 0.065625 0.06481481481
1 0.01197916667 0.6425925926 0.02395833333 0.08518518519
1 0.01354166667 0.8092592593 0.02708333333 0.02222222222
