1 0.2609375 0.6018518519 0.090625 0.07407407407
1 0.4401041667 0.6101851852 0.1052083333 0.112962963
1 0.3453125 0.6555555556 0.109375 0.1074074074
1 0.434375 0.6416666667 0.1229166667 0.1611111111
1 0.2104166667 0.6777777778 0.11875 0.1333333333
1 0.50625 0.7101851852 0.1208333333 0.1314814815
1 0.3697916667 0.4777777778 0.1395833333 0.137037037
1 0.21875 0.7212962963 0.125 0.1018518519
1 0.2729166667 0.7685185185 0.1083333333 0.1222222222
1 0.1567708333 0.8240740741 0.1177083333 0.0962962963
1 0.3234375 0.8287037037 0.09895833333 0.1018518519
1 0.3864583333 0.8296296296 0.1145833333 0.1888888889
1 0.2114583333 0.8657407407 0.1458333333 0.1314814815
1 0.2401041667 0.95 0.1114583333 0.0962962963
1 0.425 0.9777777778 0.04791666667 0.04074074074
