1 0.5489583333 0.2342592593 0.05208333333 0.04259259259
1 0.5307291667 0.3268518519 0.059375 0.05
1 0.5223958333 0.3777777778 0.034375 0.03333333333
1 0.5453125 0.4287037037 0.046875 0.02777777778
1 0.5661458333 0.3712962963 0.04479166667 0.03518518519
1 0.5645833333 0.2990740741 0.03958333333 0.03148148148
1 0.5348958333 0.3462962963 0.04895833333 0.02962962963
1 0.5479166667 0.4824074074 0.04791666667 0.02777777778
1 0.5848958333 0.4018518519 0.03645833333 0.02592592593
1 0.6088541667 0.4722222222 0.04479166667 0.02592592593
1 0.58125 0.4203703704 0.03541666667 0.02222222222
5 0.6041666667 0.9527777778 0.08333333333 0.09074074074
1 0.6375 0.2287037037 0.03125 0.02777777778
1 0.5947916667 0.1166666667 0.04166666667 0.04074074074
1 0.6276041667 0.3342592593 0.03645833333 0.03148148148
1 0.6973958333 0.3759259259 0.028125 0.02592592593
