1 0.2557291667 0.6018518519 0.1010416667 0.07407407407
1 0.4432291667 0.6175925926 0.1114583333 0.1055555556
1 0.3484375 0.6564814815 0.115625 0.1092592593
1 0.4348958333 0.6435185185 0.1239583333 0.1648148148
1 0.2083333333 0.6851851852 0.1166666667 0.1296296296
1 0.5072916667 0.712037037 0.1208333333 0.1314814815
1 0.371875 0.4814814815 0.1395833333 0.137037037
1 0.221875 0.7240740741 0.1291666667 0.1037037037
1 0.2692708333 0.7777777778 0.1010416667 0.1074074074
1 0.15625 0.8342592593 0.11875 0.08703703704
1 0.3229166667 0.8305555556 0.09791666667 0.1018518519
1 0.3869791667 0.8296296296 0.1114583333 0.1851851852
1 0.209375 0.8712962963 0.1479166667 0.1351851852
1 0.2411458333 0.9518518519 0.1135416667 0.09259259259
1 0.4276041667 0.9759259259 0.05104166667 0.04444444444
