1 0.4369791667 0.8092592593 0.09895833333 0.07777777778
1 0.2739583333 0.6 0.1125 0.1259259259
1 0.4692708333 0.7194444444 0.1364583333 0.09074074074
1 0.3473958333 0.7175925926 0.1135416667 0.1018518519
1 0.41875 0.7805555556 0.1083333333 0.112962963
1 0.2036458333 0.7138888889 0.08854166667 0.1611111111
1 0.5598958333 0.775 0.134375 0.1092592593
1 0.4135416667 0.55 0.15 0.1
1 0.2432291667 0.7601851852 0.1260416667 0.1055555556
1 0.2916666667 0.8203703704 0.09166666667 0.1148148148
1 0.1822916667 0.9092592593 0.1229166667 0.1
1 0.3072916667 0.9037037037 0.09375 0.1
1 0.4260416667 0.8981481481 0.1354166667 0.1555555556
1 0.1875 0.9324074074 0.1458333333 0.1314814815
