1 0.4473958333 0.5518518519 0.1135416667 0.1481481481
1 0.3369791667 0.6453703704 0.103125 0.09074074074
1 0.4479166667 0.5935185185 0.1354166667 0.1462962963
1 0.2208333333 0.5981481481 0.125 0.1333333333
1 0.5015625 0.6759259259 0.1072916667 0.1444444444
1 0.334375 0.4694444444 0.1229166667 0.1314814815
1 0.1984375 0.6824074074 0.1010416667 0.1055555556
1 0.2640625 0.7185185185 0.1135416667 0.1407407407
1 0.1588541667 0.75 0.103125 0.137037037
1 0.3286458333 0.7805555556 0.090625 0.07962962963
1 0.353125 0.8342592593 0.1270833333 0.1722222222
1 0.2036458333 0.8509259259 0.121875 0.1685185185
1 0.253125 0.9259259259 0.10625 0.137037037
1 0.403125 0.962962963 0.0625 0.05925925926
1 0.25 0.8203703704 0.0875 0.137037037
