5 0.471875 0.8925925926 0.04583333333 0.08518518519
1 0.7505208333 0.7092592593 0.065625 0.1
1 0.6390625 0.7685185185 0.05729166667 0.1037037037
3 0.5520833333 0.9407407407 0.03541666667 0.06296296296
1 0.6197916667 0.8490740741 0.05625 0.1648148148
1 0.7270833333 0.8555555556 0.06875 0.1407407407
1 0.8333333333 0.8611111111 0.025 0.07037037037
1 0.5828125 0.9564814815 0.05520833333 0.08333333333
1 0.6401041667 0.8481481481 0.01770833333 0.0962962963
1 0.6760416667 0.8083333333 0.06458333333 0.08703703704
1 0.7875 0.8009259259 0.05833333333 0.07222222222
1 0.646875 0.9333333333 0.06666666667 0.08148148148
1 0.8244791667 0.7101851852 0.065625 0.0537037037
