1 0.0859375 0.4944444444 0.03020833333 0.02592592593
1 0.09479166667 0.8314814815 0.04583333333 0.02592592593
5 0.4651041667 0.9185185185 0.06145833333 0.1259259259
3 0.6010416667 0.9092592593 0.04166666667 0.05555555556
1 0.03125 0.9472222222 0.0375 0.02777777778
1 0.06927083333 0.8185185185 0.02395833333 0.02222222222
1 0.0109375 0.8657407407 0.021875 0.03888888889
1 0.025 0.7314814815 0.02083333333 0.02592592593
1 0.01145833333 0.6185185185 0.02291666667 0.02222222222
1 0.1510416667 0.7546296296 0.03333333333 0.02407407407
1 0.103125 0.6777777778 0.04791666667 0.02592592593
1 0.0890625 0.625 0.028125 0.02037037037
1 0.0484375 0.8055555556 0.028125 0.01851851852
