5 0.471875 0.8925925926 0.04583333333 0.08518518519
1 0.7546875 0.7157407407 0.06770833333 0.07962962963
1 0.6354166667 0.787962963 0.06041666667 0.09074074074
3 0.553125 0.9388888889 0.03958333333 0.06666666667
1 0.640625 0.8490740741 0.06041666667 0.1796296296
1 0.7427083333 0.8259259259 0.05625 0.1555555556
1 0.8333333333 0.8611111111 0.025 0.07037037037
1 0.5901041667 0.9740740741 0.03645833333 0.04814814815
1 0.6645833333 0.8546296296 0.02916666667 0.09444444444
1 0.6796875 0.8546296296 0.06145833333 0.07962962963
1 0.7859375 0.812037037 0.04895833333 0.05
1 0.803125 0.7240740741 0.05208333333 0.05185185185
1 0.6442708333 0.9537037037 0.06145833333 0.06296296296
