5 0.4526041667 0.9333333333 0.07395833333 0.1074074074
3 0.6453125 0.8037037037 0.04479166667 0.05555555556
1 0.0125 0.7287037037 0.025 0.02407407407
1 0.03125 0.7694444444 0.0625 0.02777777778
1 0.01458333333 0.7064814815 0.02916666667 0.02777777778
1 0.0484375 0.5564814815 0.07604166667 0.03518518519
1 0.02395833333 0.8157407407 0.04791666667 0.03148148148
1 0.02916666667 0.8768518519 0.05833333333 0.0462962963
1 0.03645833333 0.512037037 0.06875 0.03888888889
1 0.02916666667 0.7490740741 0.05833333333 0.03148148148
1 0.05416666667 0.3527777778 0.03958333333 0.07962962963
