5 0.4526041667 0.9333333333 0.07395833333 0.1074074074
3 0.6411458333 0.8055555556 0.04479166667 0.05555555556
1 0.0125 0.7287037037 0.025 0.01666666667
1 0.01510416667 0.7953703704 0.03020833333 0.02407407407
1 0.02135416667 0.725 0.04270833333 0.02777777778
1 0.02760416667 0.5805555556 0.05520833333 0.02407407407
1 0.02604166667 0.8564814815 0.05208333333 0.02407407407
1 0.02604166667 0.862037037 0.05208333333 0.03518518519
1 0.04739583333 0.9722222222 0.08229166667 0.04814814815
1 0.025 0.5638888889 0.05 0.02037037037
1 0.0484375 0.7657407407 0.07604166667 0.03888888889
1 0.02239583333 0.4009259259 0.04479166667 0.08703703704
