5 0.4526041667 0.9333333333 0.07395833333 0.1074074074
3 0.6416666667 0.8018518519 0.04375 0.05185185185
1 0.01354166667 0.7222222222 0.02708333333 0.01851851852
1 0.01458333333 0.8157407407 0.02916666667 0.02037037037
1 0.0359375 0.7166666667 0.05729166667 0.05185185185
1 0.03072916667 0.6287037037 0.06145833333 0.03518518519
1 0.0359375 0.8796296296 0.065625 0.03703703704
1 0.0640625 0.9583333333 0.084375 0.0462962963
1 0.04427083333 0.6185185185 0.06145833333 0.02592592593
1 0.08385416667 0.8064814815 0.078125 0.05
1 0.01197916667 0.4731481481 0.02395833333 0.06111111111
