1 0.08802083333 0.5037037037 0.034375 0.02592592593
1 0.096875 0.8351851852 0.04583333333 0.02592592593
5 0.4651041667 0.9185185185 0.06145833333 0.1259259259
3 0.6010416667 0.9092592593 0.04166666667 0.05555555556
1 0.02916666667 0.9583333333 0.0375 0.02777777778
1 0.075 0.8203703704 0.025 0.02222222222
1 0.0171875 0.8842592593 0.034375 0.0462962963
1 0.03385416667 0.737037037 0.02395833333 0.02962962963
1 0.0140625 0.5537037037 0.028125 0.02592592593
1 0.01354166667 0.6175925926 0.02708333333 0.02407407407
1 0.1458333333 0.7731481481 0.03333333333 0.02407407407
1 0.1098958333 0.6953703704 0.046875 0.02777777778
1 0.1005208333 0.6342592593 0.028125 0.02037037037
1 0.05833333333 0.8185185185 0.02708333333 0.01851851852
