5 0.4515625 0.9351851852 0.07395833333 0.1074074074
3 0.6432291667 0.8240740741 0.04270833333 0.05185185185
1 0.1036458333 0.7481481481 0.05520833333 0.04444444444
1 0.1213541667 0.8342592593 0.06145833333 0.04259259259
1 0.05677083333 0.7805555556 0.06770833333 0.0462962963
1 0.01927083333 0.7527777778 0.03854166667 0.02407407407
1 0.0515625 0.7148148148 0.05729166667 0.06666666667
1 0.01979166667 0.9157407407 0.03958333333 0.03148148148
1 0.03020833333 0.8842592593 0.06041666667 0.05
1 0.02291666667 0.9537037037 0.04583333333 0.04074074074
