5 0.471875 0.8925925926 0.04583333333 0.08518518519
1 0.7578125 0.7074074074 0.06770833333 0.05925925926
1 0.6713541667 0.7333333333 0.059375 0.09259259259
1 0.5755208333 0.9185185185 0.084375 0.1592592593
1 0.709375 0.9101851852 0.07916666667 0.1203703704
1 0.8359375 0.8777777778 0.02604166667 0.0962962963
1 0.7989583333 0.9268518519 0.02708333333 0.09814814815
1 0.5880208333 0.975 0.05520833333 0.0462962963
1 0.5484375 0.9611111111 0.01770833333 0.07407407407
1 0.7604166667 0.8472222222 0.07083333333 0.06851851852
1 0.83125 0.7546296296 0.07291666667 0.06851851852
