1 0.4401041667 0.7796296296 0.084375 0.07777777778
1 0.2473958333 0.6148148148 0.1010416667 0.1185185185
1 0.3510416667 0.6768518519 0.1166666667 0.07592592593
1 0.4369791667 0.6759259259 0.128125 0.1407407407
1 0.2125 0.6916666667 0.1104166667 0.1574074074
1 0.5322916667 0.7277777778 0.125 0.0962962963
1 0.3921875 0.4935185185 0.140625 0.1314814815
1 0.2260416667 0.7361111111 0.1291666667 0.1092592593
1 0.284375 0.7907407407 0.1104166667 0.1037037037
1 0.1578125 0.8648148148 0.1177083333 0.1
1 0.3151041667 0.8555555556 0.096875 0.0962962963
1 0.3927083333 0.8583333333 0.1083333333 0.1462962963
1 0.2057291667 0.8861111111 0.1552083333 0.1351851852
1 0.2421875 0.962037037 0.1010416667 0.07222222222
1 0.4229166667 0.9675925926 0.05 0.06111111111
