5 0.471875 0.8925925926 0.04583333333 0.08518518519
1 0.7572916667 0.7046296296 0.07083333333 0.0537037037
1 0.6666666667 0.7425925926 0.0625 0.1148148148
1 0.5786458333 0.912037037 0.090625 0.1685185185
1 0.7119791667 0.8935185185 0.08020833333 0.1092592593
1 0.8359375 0.8722222222 0.02604166667 0.1
1 0.80625 0.912037037 0.02708333333 0.09814814815
1 0.5890625 0.9712962963 0.059375 0.0537037037
1 0.5609375 0.9342592593 0.01770833333 0.1277777778
1 0.7375 0.8138888889 0.07083333333 0.0462962963
1 0.8270833333 0.7462962963 0.07083333333 0.06666666667
