5 0.4515625 0.9351851852 0.07395833333 0.1074074074
3 0.6416666667 0.8268518519 0.03958333333 0.05
1 0.1083333333 0.7722222222 0.05208333333 0.04074074074
1 0.1052083333 0.8527777778 0.06666666667 0.03518518519
1 0.06458333333 0.7712962963 0.05416666667 0.03148148148
1 0.0546875 0.8185185185 0.046875 0.02592592593
1 0.034375 0.7564814815 0.06666666667 0.06481481481
1 0.06041666667 0.9694444444 0.04791666667 0.04259259259
1 0.02552083333 0.9018518519 0.05104166667 0.04444444444
1 0.02135416667 0.9314814815 0.04270833333 0.03703703704
