5 0.4515625 0.9351851852 0.07395833333 0.1074074074
3 0.6427083333 0.825 0.03958333333 0.05
1 0.1104166667 0.7638888889 0.05208333333 0.04259259259
1 0.1140625 0.8546296296 0.06354166667 0.03888888889
1 0.06354166667 0.7777777778 0.06666666667 0.03703703704
1 0.05 0.8074074074 0.04791666667 0.02962962963
1 0.0359375 0.7435185185 0.06145833333 0.06481481481
1 0.05 0.9527777778 0.05625 0.04259259259
1 0.03020833333 0.8907407407 0.06041666667 0.04444444444
1 0.01458333333 0.9287037037 0.02916666667 0.03148148148
