1 0.2619791667 0.362962963 0.059375 0.04814814815
1 0.2291666667 0.4944444444 0.06458333333 0.05555555556
1 0.2489583333 0.4388888889 0.03958333333 0.04814814815
1 0.3197916667 0.587037037 0.03958333333 0.04444444444
1 0.2890625 0.6268518519 0.065625 0.06851851852
1 0.2911458333 0.412962963 0.06979166667 0.05555555556
1 0.2432291667 0.6222222222 0.04479166667 0.05555555556
1 0.4177083333 0.5287037037 0.04791666667 0.1055555556
1 0.3463541667 0.7083333333 0.046875 0.06111111111
5 0.6041666667 0.9527777778 0.08333333333 0.09074074074
1 0.45 0.2398148148 0.075 0.0537037037
1 0.340625 0.2046296296 0.05625 0.06851851852
1 0.3489583333 0.4916666667 0.07291666667 0.08703703704
1 0.421875 0.3027777778 0.07291666667 0.0537037037
1 0.4328125 0.5768518519 0.065625 0.05740740741
1 0.2770833333 0.6759259259 0.06666666667 0.03703703704
1 0.4520833333 0.4240740741 0.07083333333 0.07777777778
1 0.3244791667 0.6509259259 0.02395833333 0.02037037037
1 0.2984375 0.5027777778 0.040625 0.0462962963
