1 0.5244791667 0.737037037 0.04479166667 0.05555555556
1 0.4322916667 0.7138888889 0.1041666667 0.1537037037
1 0.2260416667 0.6722222222 0.08958333333 0.1851851852
1 0.484375 0.8027777778 0.07708333333 0.1018518519
1 0.3182291667 0.6259259259 0.08229166667 0.137037037
1 0.2614583333 0.7435185185 0.10625 0.1277777778
1 0.2052083333 0.8398148148 0.07083333333 0.1425925926
1 0.3859375 0.6703703704 0.1010416667 0.1074074074
1 0.2807291667 0.8064814815 0.153125 0.1796296296
1 0.25 0.9444444444 0.08541666667 0.1074074074
1 0.3380208333 0.9453703704 0.08645833333 0.1055555556
1 0.2338541667 0.8490740741 0.03854166667 0.07222222222
1 0.2338541667 0.6305555556 0.1114583333 0.1240740741
1 0.4526041667 0.9287037037 0.084375 0.1018518519
1 0.3380208333 0.8777777778 0.08645833333 0.1222222222
1 0.4395833333 0.962962963 0.07083333333 0.07037037037
