5 0.471875 0.8925925926 0.04583333333 0.08518518519
1 0.7578125 0.7074074074 0.06770833333 0.05925925926
1 0.6708333333 0.7361111111 0.0625 0.1018518519
1 0.5755208333 0.9166666667 0.08645833333 0.162962963
1 0.7098958333 0.9055555556 0.078125 0.1148148148
1 0.8359375 0.8777777778 0.02604166667 0.0962962963
1 0.8010416667 0.9231481481 0.02708333333 0.09814814815
1 0.5885416667 0.9740740741 0.05625 0.04814814815
1 0.5520833333 0.9527777778 0.01875 0.09074074074
1 0.7583333333 0.8287037037 0.08125 0.06851851852
1 0.8291666667 0.7527777778 0.07291666667 0.06851851852
