1 0.5208333333 0.2842592593 0.05416666667 0.03518518519
1 0.4890625 0.3509259259 0.071875 0.03518518519
1 0.4848958333 0.4259259259 0.046875 0.02962962963
1 0.5286458333 0.4527777778 0.04270833333 0.03148148148
1 0.5291666667 0.425 0.04791666667 0.04259259259
1 0.5385416667 0.3037037037 0.06875 0.02962962963
1 0.4953125 0.3694444444 0.06145833333 0.03888888889
1 0.5026041667 0.5296296296 0.053125 0.02962962963
1 0.5598958333 0.4194444444 0.059375 0.03888888889
1 0.5208333333 0.4333333333 0.03541666667 0.02222222222
5 0.6041666667 0.9527777778 0.08333333333 0.09074074074
1 0.6317708333 0.2351851852 0.04479166667 0.04814814815
1 0.5541666667 0.2342592593 0.04375 0.03148148148
1 0.5869791667 0.3518518519 0.04270833333 0.02962962963
1 0.6692708333 0.2833333333 0.04479166667 0.04444444444
1 0.6567708333 0.3481481481 0.034375 0.02962962963
1 0.553125 0.4685185185 0.05208333333 0.03703703704
1 0.6125 0.3324074074 0.02708333333 0.04259259259
1 0.5901041667 0.437037037 0.01979166667 0.02592592593
1 0.5828125 0.4675925926 0.02604166667 0.03148148148
