1 0.4375 0.7527777778 0.1020833333 0.1611111111
1 0.265625 0.7138888889 0.07916666667 0.1833333333
1 0.5114583333 0.7916666667 0.09583333333 0.1092592593
1 0.3338541667 0.6611111111 0.08854166667 0.1444444444
1 0.390625 0.6712962963 0.09166666667 0.1166666667
1 0.2510416667 0.8351851852 0.1166666667 0.1814814815
1 0.278125 0.9546296296 0.08333333333 0.08703703704
1 0.3598958333 0.9537037037 0.090625 0.08888888889
1 0.2338541667 0.8490740741 0.03854166667 0.07222222222
1 0.2432291667 0.6814814815 0.09270833333 0.1518518519
1 0.4927083333 0.9388888889 0.0875 0.1148148148
1 0.3625 0.9101851852 0.07916666667 0.112962963
1 0.3223958333 0.8037037037 0.071875 0.1259259259
1 0.5479166667 0.8277777778 0.08541666667 0.09259259259
