1 0.5510416667 0.2361111111 0.04791666667 0.04259259259
1 0.5317708333 0.3194444444 0.059375 0.0537037037
1 0.521875 0.3777777778 0.03333333333 0.03333333333
1 0.5427083333 0.4314814815 0.04791666667 0.02962962963
1 0.5692708333 0.3759259259 0.040625 0.03333333333
1 0.5677083333 0.3064814815 0.03958333333 0.03148148148
1 0.5369791667 0.3462962963 0.04895833333 0.02962962963
1 0.5546875 0.4824074074 0.046875 0.02777777778
1 0.5864583333 0.4046296296 0.03333333333 0.02407407407
1 0.6109375 0.4722222222 0.04479166667 0.02592592593
1 0.5885416667 0.4277777778 0.03541666667 0.02222222222
5 0.6046875 0.9527777778 0.08229166667 0.09074074074
1 0.6427083333 0.2333333333 0.02708333333 0.02592592593
1 0.60625 0.112037037 0.03958333333 0.03148148148
1 0.6291666667 0.3398148148 0.03333333333 0.03148148148
1 0.6994791667 0.3796296296 0.028125 0.02592592593
