1 0.4432291667 0.7703703704 0.103125 0.08518518519
1 0.240625 0.6194444444 0.08958333333 0.112962963
1 0.3484375 0.6731481481 0.1135416667 0.09074074074
1 0.4338541667 0.6703703704 0.128125 0.1444444444
1 0.2114583333 0.687037037 0.1145833333 0.1518518519
1 0.5223958333 0.7287037037 0.1260416667 0.09814814815
1 0.3864583333 0.4925925926 0.14375 0.1333333333
1 0.2260416667 0.7351851852 0.1291666667 0.1111111111
1 0.2807291667 0.7916666667 0.1114583333 0.1055555556
1 0.1567708333 0.862037037 0.1177083333 0.09814814815
1 0.3151041667 0.8518518519 0.09895833333 0.1037037037
1 0.3885416667 0.8564814815 0.1041666667 0.1462962963
1 0.2057291667 0.8861111111 0.1552083333 0.1314814815
1 0.2416666667 0.9592592593 0.1041666667 0.07777777778
1 0.4229166667 0.9675925926 0.05 0.06111111111
