1 0.2692708333 0.3231481481 0.059375 0.03888888889
1 0.2526041667 0.4453703704 0.06145833333 0.06851851852
1 0.2619791667 0.3962962963 0.03854166667 0.04444444444
1 0.30625 0.5305555556 0.05 0.05
1 0.3041666667 0.5740740741 0.0625 0.07037037037
1 0.3114583333 0.3444444444 0.06666666667 0.08148148148
1 0.2458333333 0.5777777778 0.05 0.06666666667
1 0.3890625 0.5527777778 0.04895833333 0.06851851852
1 0.3661458333 0.6444444444 0.05729166667 0.04814814815
5 0.6041666667 0.9527777778 0.08333333333 0.09074074074
1 0.45625 0.2564814815 0.07916666667 0.03888888889
1 0.3723958333 0.1462962963 0.065625 0.05555555556
1 0.365625 0.4777777778 0.07291666667 0.06296296296
1 0.4375 0.3138888889 0.07083333333 0.03518518519
1 0.4453125 0.5675925926 0.06145833333 0.0462962963
1 0.2958333333 0.65 0.06041666667 0.04814814815
1 0.4557291667 0.4305555556 0.06979166667 0.06111111111
1 0.3239583333 0.6018518519 0.03125 0.02592592593
1 0.3338541667 0.4388888889 0.065625 0.05555555556
