1 0.4598958333 0.8546296296 0.09479166667 0.1277777778
1 0.3229166667 0.7925925926 0.0875 0.1333333333
1 0.525 0.8277777778 0.09583333333 0.08888888889
1 0.3911458333 0.7185185185 0.078125 0.1
1 0.4604166667 0.7287037037 0.1 0.1018518519
1 0.31875 0.9157407407 0.11875 0.1388888889
1 0.4083333333 0.9509259259 0.07916666667 0.09444444444
1 0.2338541667 0.8490740741 0.03854166667 0.07222222222
1 0.2942708333 0.7759259259 0.07395833333 0.0962962963
1 0.54375 0.9203703704 0.0875 0.08148148148
1 0.3723958333 0.8305555556 0.065625 0.1018518519
1 0.5567708333 0.8666666667 0.084375 0.08518518519
1 0.2578125 0.9657407407 0.02395833333 0.0462962963
1 0.3786458333 0.9111111111 0.08020833333 0.08518518519
1 0.4994791667 0.8712962963 0.04479166667 0.0462962963
