5 0.471875 0.8925925926 0.04583333333 0.08518518519
1 0.7588541667 0.7092592593 0.06770833333 0.05925925926
1 0.6729166667 0.7361111111 0.05208333333 0.07962962963
1 0.5734375 0.9203703704 0.08020833333 0.1555555556
1 0.7083333333 0.9185185185 0.07708333333 0.1296296296
1 0.8359375 0.8796296296 0.02604166667 0.0962962963
1 0.7947916667 0.9342592593 0.02708333333 0.09814814815
1 0.5875 0.9768518519 0.05208333333 0.04259259259
1 0.7796875 0.8583333333 0.03229166667 0.07222222222
1 0.834375 0.7601851852 0.075 0.06851851852
