1 0.2265625 0.4675925926 0.05104166667 0.05
1 0.1885416667 0.5518518519 0.0625 0.08518518519
1 0.2291666667 0.5222222222 0.05208333333 0.04814814815
1 0.3302083333 0.6527777778 0.05416666667 0.03148148148
1 0.2828125 0.6351851852 0.03229166667 0.1
1 0.2380208333 0.4685185185 0.06770833333 0.07407407407
1 0.2239583333 0.6648148148 0.05208333333 0.05185185185
1 0.3927083333 0.6518518519 0.06666666667 0.06666666667
1 0.2838541667 0.7925925926 0.05520833333 0.04814814815
5 0.6041666667 0.9527777778 0.08333333333 0.09074074074
1 0.4239583333 0.3287037037 0.06666666667 0.04259259259
1 0.3109375 0.3259259259 0.06979166667 0.05185185185
1 0.33125 0.5861111111 0.07708333333 0.04259259259
1 0.3609375 0.3527777778 0.08229166667 0.06481481481
1 0.3609375 0.6944444444 0.05729166667 0.07037037037
1 0.2411458333 0.7018518519 0.06145833333 0.05185185185
1 0.4197916667 0.4657407407 0.07083333333 0.06851851852
1 0.2927083333 0.7148148148 0.05416666667 0.04074074074
1 0.275 0.5972222222 0.05 0.02777777778
1 0.2692708333 0.637037037 0.04270833333 0.03333333333
