5 0.4526041667 0.9333333333 0.07395833333 0.1074074074
3 0.6421875 0.8037037037 0.04479166667 0.05555555556
1 0.0125 0.7194444444 0.025 0.01666666667
1 0.01770833333 0.8074074074 0.03541666667 0.02592592593
1 0.025 0.7268518519 0.05 0.0462962963
1 0.02708333333 0.6111111111 0.05416666667 0.02592592593
1 0.03385416667 0.8777777778 0.06770833333 0.02592592593
1 0.06510416667 0.9703703704 0.08229166667 0.04444444444
1 0.03072916667 0.5898148148 0.06145833333 0.02777777778
1 0.06666666667 0.7824074074 0.07708333333 0.05
1 0.01458333333 0.437037037 0.02916666667 0.06666666667
