5 0.4526041667 0.9333333333 0.07395833333 0.1074074074
3 0.6473958333 0.8055555556 0.04479166667 0.05555555556
1 0.0140625 0.7305555556 0.028125 0.02407407407
1 0.04375 0.7722222222 0.0625 0.02962962963
1 0.01979166667 0.7064814815 0.03958333333 0.02777777778
1 0.05885416667 0.5675925926 0.07395833333 0.0462962963
1 0.0234375 0.8083333333 0.046875 0.03148148148
1 0.02708333333 0.8703703704 0.05416666667 0.04074074074
1 0.04739583333 0.5157407407 0.065625 0.04259259259
1 0.01510416667 0.7527777778 0.03020833333 0.02037037037
1 0.0421875 0.3694444444 0.028125 0.112962963
