5 0.4526041667 0.9333333333 0.07395833333 0.1074074074
3 0.6432291667 0.8055555556 0.04479166667 0.05555555556
1 0.0125 0.7287037037 0.025 0.02037037037
1 0.02395833333 0.7703703704 0.04791666667 0.01851851852
1 0.01666666667 0.7111111111 0.03333333333 0.02592592593
1 0.0359375 0.5657407407 0.071875 0.03518518519
1 0.02291666667 0.8342592593 0.04583333333 0.02777777778
1 0.03072916667 0.8787037037 0.06145833333 0.05740740741
1 0.03333333333 0.975 0.06666666667 0.0462962963
1 0.02604166667 0.5416666667 0.05208333333 0.03888888889
1 0.03541666667 0.7546296296 0.05833333333 0.03148148148
1 0.04010416667 0.3685185185 0.065625 0.07037037037
