1 0.4505208333 0.8009259259 0.09270833333 0.1462962963
1 0.2984375 0.7675925926 0.08229166667 0.1648148148
1 0.5166666667 0.8138888889 0.1 0.1055555556
1 0.3635416667 0.6740740741 0.1 0.1111111111
1 0.425 0.6935185185 0.08958333333 0.1314814815
1 0.2807291667 0.8981481481 0.1114583333 0.1555555556
1 0.2932291667 0.9731481481 0.07604166667 0.05
1 0.3692708333 0.9398148148 0.084375 0.1166666667
1 0.2338541667 0.8490740741 0.03854166667 0.07222222222
1 0.2651041667 0.7435185185 0.08854166667 0.1055555556
1 0.50625 0.9240740741 0.09166666667 0.1037037037
1 0.3401041667 0.8222222222 0.06979166667 0.0962962963
1 0.5552083333 0.8657407407 0.08125 0.08333333333
1 0.4661458333 0.9824074074 0.05104166667 0.03148148148
1 0.2609375 0.8916666667 0.078125 0.09074074074
