5 0.4515625 0.9351851852 0.07395833333 0.1074074074
3 0.6432291667 0.8231481481 0.040625 0.05
1 0.1078125 0.7527777778 0.05520833333 0.03888888889
1 0.1203125 0.8416666667 0.06145833333 0.04259259259
1 0.05677083333 0.7731481481 0.06979166667 0.04259259259
1 0.01302083333 0.7601851852 0.02604166667 0.02777777778
1 0.05 0.725 0.06666666667 0.07222222222
1 0.0296875 0.9268518519 0.059375 0.03888888889
1 0.03020833333 0.8861111111 0.06041666667 0.0462962963
1 0.02083333333 0.9537037037 0.04166666667 0.03333333333
