5 0.471875 0.8925925926 0.04583333333 0.08518518519
1 0.7515625 0.7166666667 0.065625 0.08888888889
1 0.6369791667 0.7703703704 0.059375 0.1
3 0.5520833333 0.9407407407 0.03541666667 0.06296296296
1 0.6244791667 0.8453703704 0.059375 0.1685185185
1 0.7296875 0.8481481481 0.065625 0.1481481481
1 0.8333333333 0.8611111111 0.025 0.07037037037
1 0.5817708333 0.9611111111 0.05104166667 0.07407407407
1 0.6442708333 0.8453703704 0.01979166667 0.09444444444
1 0.6770833333 0.8166666667 0.0625 0.1
1 0.7885416667 0.8037037037 0.05625 0.06666666667
1 0.8244791667 0.7111111111 0.05520833333 0.04074074074
1 0.6453125 0.9324074074 0.06354166667 0.07592592593
