5 0.471875 0.8925925926 0.04583333333 0.08518518519
1 0.7505208333 0.7074074074 0.065625 0.1
1 0.6442708333 0.7611111111 0.05104166667 0.1
3 0.5526041667 0.9407407407 0.03645833333 0.06666666667
1 0.6114583333 0.8601851852 0.05416666667 0.1425925926
1 0.7203125 0.875 0.071875 0.1203703704
1 0.8333333333 0.8611111111 0.025 0.07037037037
1 0.5833333333 0.9564814815 0.05416666667 0.08333333333
1 0.625 0.8592592593 0.01875 0.1
1 0.6802083333 0.8018518519 0.07083333333 0.08888888889
1 0.7864583333 0.7990740741 0.05416666667 0.08333333333
1 0.6604166667 0.9425925926 0.06666666667 0.08148148148
1 0.8276041667 0.7175925926 0.065625 0.05740740741
