1 0.4447916667 0.775 0.09375 0.1462962963
1 0.2859375 0.7444444444 0.08229166667 0.1851851852
1 0.5177083333 0.8037037037 0.1 0.1111111111
1 0.3526041667 0.6694444444 0.096875 0.1425925926
1 0.4104166667 0.6833333333 0.08333333333 0.1148148148
1 0.2666666667 0.862037037 0.1041666667 0.1833333333
1 0.2885416667 0.9787037037 0.0625 0.03888888889
1 0.3588541667 0.9453703704 0.090625 0.1055555556
1 0.2338541667 0.8490740741 0.03854166667 0.07222222222
1 0.2609375 0.7175925926 0.1052083333 0.1351851852
1 0.5026041667 0.9324074074 0.07604166667 0.09074074074
1 0.3255208333 0.8212962963 0.07395833333 0.1240740741
1 0.5546875 0.8509259259 0.08229166667 0.09444444444
1 0.4671875 0.9861111111 0.04895833333 0.02407407407
