5 0.4526041667 0.9333333333 0.07395833333 0.1074074074
3 0.6416666667 0.8 0.0375 0.04814814815
1 0.01822916667 0.7324074074 0.03645833333 0.02777777778
1 0.04791666667 0.7083333333 0.0625 0.04259259259
1 0.03229166667 0.6398148148 0.06458333333 0.04259259259
1 0.03125 0.8611111111 0.0625 0.04814814815
1 0.04739583333 0.9453703704 0.08854166667 0.0462962963
1 0.0390625 0.6435185185 0.06145833333 0.02777777778
1 0.07708333333 0.8194444444 0.08125 0.0462962963
1 0.0171875 0.5055555556 0.034375 0.04814814815
