1 0.2234375 0.4898148148 0.05104166667 0.05740740741
1 0.1838541667 0.5851851852 0.06145833333 0.08148148148
1 0.2177083333 0.5546296296 0.04583333333 0.0537037037
1 0.2708333333 0.662037037 0.07916666667 0.05
1 0.2338541667 0.4888888889 0.065625 0.07037037037
1 0.2130208333 0.6796296296 0.05729166667 0.04444444444
1 0.3755208333 0.6990740741 0.06770833333 0.0537037037
1 0.2770833333 0.8037037037 0.05 0.04074074074
5 0.6041666667 0.9527777778 0.08333333333 0.09074074074
1 0.428125 0.3685185185 0.07083333333 0.04074074074
1 0.2770833333 0.3722222222 0.06666666667 0.03703703704
1 0.3166666667 0.6037037037 0.07916666667 0.05185185185
1 0.3286458333 0.4074074074 0.07395833333 0.05555555556
1 0.3359375 0.7435185185 0.06145833333 0.04259259259
1 0.234375 0.712962963 0.06458333333 0.04814814815
1 0.4078125 0.5064814815 0.07395833333 0.06481481481
1 0.2791666667 0.7287037037 0.04791666667 0.0462962963
1 0.2697916667 0.5944444444 0.05 0.02962962963
1 0.2557291667 0.6314814815 0.040625 0.02962962963
