1 0.4619791667 0.8583333333 0.1239583333 0.05740740741
1 0.3072916667 0.7018518519 0.13125 0.07777777778
1 0.4848958333 0.7759259259 0.1239583333 0.1037037037
1 0.3520833333 0.7287037037 0.1145833333 0.1092592593
1 0.4447916667 0.9046296296 0.1333333333 0.07222222222
1 0.2130208333 0.7805555556 0.1135416667 0.112962963
1 0.578125 0.8166666667 0.14375 0.1148148148
1 0.4364583333 0.6425925926 0.1458333333 0.08518518519
1 0.2598958333 0.85 0.115625 0.07777777778
1 0.3 0.9027777778 0.08958333333 0.1018518519
1 0.1994791667 0.9453703704 0.1135416667 0.1055555556
1 0.3244791667 0.9601851852 0.103125 0.05740740741
1 0.4911458333 0.9722222222 0.1302083333 0.05185185185
