5 0.4515625 0.9351851852 0.07395833333 0.1074074074
3 0.6427083333 0.8231481481 0.03958333333 0.05
1 0.1098958333 0.7601851852 0.053125 0.04259259259
1 0.1182291667 0.8564814815 0.06354166667 0.04259259259
1 0.05989583333 0.7787037037 0.06770833333 0.0462962963
1 0.04479166667 0.8 0.04791666667 0.03333333333
1 0.03958333333 0.7388888889 0.06458333333 0.06666666667
1 0.04895833333 0.9527777778 0.05625 0.04259259259
1 0.03177083333 0.887962963 0.06354166667 0.04259259259
1 0.01302083333 0.9287037037 0.02604166667 0.02777777778
