1 0.2208333333 0.5148148148 0.05208333333 0.05555555556
1 0.1817708333 0.6435185185 0.059375 0.07592592593
1 0.1958333333 0.5944444444 0.04375 0.05185185185
1 0.2354166667 0.7092592593 0.07708333333 0.05555555556
1 0.225 0.5287037037 0.06666666667 0.06111111111
1 0.1901041667 0.7037037037 0.05520833333 0.04444444444
1 0.3578125 0.7240740741 0.07395833333 0.04444444444
1 0.2755208333 0.8046296296 0.046875 0.03888888889
5 0.6041666667 0.9527777778 0.08333333333 0.09074074074
1 0.3984375 0.4046296296 0.078125 0.0537037037
1 0.2546875 0.4009259259 0.06979166667 0.03888888889
1 0.2864583333 0.6240740741 0.08333333333 0.04814814815
1 0.309375 0.4472222222 0.07083333333 0.05
1 0.3171875 0.7675925926 0.05729166667 0.05
1 0.228125 0.7175925926 0.06458333333 0.04259259259
1 0.3932291667 0.5435185185 0.071875 0.05740740741
1 0.2729166667 0.7416666667 0.04583333333 0.0462962963
1 0.2677083333 0.5953703704 0.05 0.03888888889
1 0.246875 0.6453703704 0.04375 0.02777777778
