5 0.4526041667 0.937037037 0.07395833333 0.1074074074
3 0.6416666667 0.8 0.0375 0.04814814815
1 0.01979166667 0.762962963 0.03958333333 0.02962962963
1 0.03385416667 0.712037037 0.06145833333 0.03888888889
1 0.028125 0.6203703704 0.05625 0.04444444444
1 0.02708333333 0.8638888889 0.05416666667 0.03148148148
1 0.040625 0.9703703704 0.08125 0.04814814815
1 0.03177083333 0.6666666667 0.06354166667 0.02962962963
1 0.05260416667 0.8296296296 0.08229166667 0.04814814815
1 0.021875 0.5259259259 0.04375 0.05185185185
