1 0.4182291667 0.7462962963 0.06145833333 0.07407407407
1 0.4729166667 0.5916666667 0.06875 0.1648148148
1 0.3239583333 0.6611111111 0.09583333333 0.1185185185
1 0.403125 0.5916666667 0.1083333333 0.1648148148
1 0.2166666667 0.537962963 0.1145833333 0.1907407407
1 0.4880208333 0.6564814815 0.09479166667 0.1388888889
1 0.3395833333 0.4453703704 0.10625 0.1574074074
1 0.1817708333 0.6944444444 0.109375 0.1259259259
1 0.2807291667 0.6935185185 0.090625 0.1388888889
1 0.1489583333 0.7712962963 0.1166666667 0.1462962963
1 0.3510416667 0.6990740741 0.05833333333 0.07222222222
1 0.2869791667 0.7953703704 0.1302083333 0.1981481481
1 0.2104166667 0.8314814815 0.1 0.2037037037
1 0.2744791667 0.9064814815 0.103125 0.1351851852
1 0.4130208333 0.9111111111 0.090625 0.0962962963
1 0.2442708333 0.562037037 0.1052083333 0.1018518519
1 0.4223958333 0.9601851852 0.090625 0.07592592593
