1 0.234375 0.4203703704 0.05625 0.06296296296
1 0.1973958333 0.5277777778 0.059375 0.06296296296
1 0.240625 0.5101851852 0.04583333333 0.03888888889
1 0.3375 0.6361111111 0.05416666667 0.03148148148
1 0.2666666667 0.6518518519 0.06666666667 0.07037037037
1 0.2578125 0.4601851852 0.07395833333 0.05
1 0.2364583333 0.6435185185 0.05208333333 0.05740740741
1 0.4067708333 0.587037037 0.065625 0.07407407407
1 0.303125 0.7851851852 0.05416666667 0.03703703704
5 0.6041666667 0.9527777778 0.08333333333 0.09074074074
1 0.4427083333 0.2722222222 0.075 0.08518518519
1 0.3151041667 0.2824074074 0.053125 0.0537037037
1 0.3322916667 0.5601851852 0.07083333333 0.04259259259
1 0.3979166667 0.3203703704 0.07291666667 0.04814814815
1 0.4020833333 0.6148148148 0.06666666667 0.07407407407
1 0.2510416667 0.6861111111 0.05625 0.05740740741
1 0.4463541667 0.4240740741 0.06979166667 0.07777777778
1 0.30625 0.7027777778 0.04375 0.03888888889
1 0.284375 0.5851851852 0.04583333333 0.04074074074
