5 0.471875 0.8925925926 0.04583333333 0.08518518519
1 0.7526041667 0.7166666667 0.065625 0.08888888889
1 0.6354166667 0.7712962963 0.06041666667 0.09814814815
3 0.5520833333 0.9407407407 0.03541666667 0.06296296296
1 0.6302083333 0.8444444444 0.06041666667 0.1740740741
1 0.7338541667 0.8351851852 0.059375 0.1592592593
1 0.8333333333 0.8611111111 0.025 0.07037037037
1 0.5828125 0.9666666667 0.04479166667 0.06296296296
1 0.6515625 0.8444444444 0.02395833333 0.0962962963
1 0.6703125 0.8351851852 0.06145833333 0.08148148148
1 0.7885416667 0.8083333333 0.05625 0.05
1 0.8171875 0.7138888889 0.053125 0.04259259259
1 0.64375 0.9342592593 0.06041666667 0.06851851852
