5 0.471875 0.8925925926 0.04583333333 0.08518518519
1 0.75625 0.6981481481 0.06875 0.06666666667
1 0.6635416667 0.7462962963 0.0625 0.1222222222
1 0.5817708333 0.9046296296 0.090625 0.1722222222
1 0.7125 0.8925925926 0.08125 0.1111111111
1 0.8359375 0.8722222222 0.02604166667 0.1
1 0.80625 0.9064814815 0.02708333333 0.09814814815
1 0.5885416667 0.9703703704 0.06041666667 0.05555555556
1 0.5682291667 0.9268518519 0.01770833333 0.1425925926
1 0.7307291667 0.8111111111 0.08229166667 0.04814814815
1 0.828125 0.7425925926 0.07083333333 0.06296296296
