5 0.471875 0.8925925926 0.04583333333 0.08518518519
1 0.7505208333 0.7037037037 0.065625 0.1
1 0.6557291667 0.7564814815 0.059375 0.1240740741
3 0.5536458333 0.937037037 0.03020833333 0.05555555556
1 0.5932291667 0.8833333333 0.078125 0.1666666667
1 0.7145833333 0.8833333333 0.08125 0.1185185185
1 0.8338541667 0.862962963 0.02604166667 0.07777777778
1 0.8072916667 0.8916666667 0.02708333333 0.09814814815
1 0.5854166667 0.9611111111 0.06041666667 0.07037037037
1 0.5927083333 0.8925925926 0.01875 0.1222222222
1 0.7135416667 0.8046296296 0.09166666667 0.06111111111
1 0.7895833333 0.8175925926 0.0375 0.08333333333
1 0.6854166667 0.9685185185 0.06041666667 0.05925925926
1 0.8333333333 0.7342592593 0.07083333333 0.06111111111
