5 0.4526041667 0.9333333333 0.07395833333 0.1074074074
3 0.6463541667 0.812962963 0.04479166667 0.05555555556
1 0.02708333333 0.7231481481 0.05416666667 0.02777777778
1 0.06614583333 0.7685185185 0.05520833333 0.02592592593
1 0.03489583333 0.6990740741 0.05729166667 0.02777777778
1 0.06354166667 0.6148148148 0.06458333333 0.06666666667
1 0.01927083333 0.8185185185 0.03854166667 0.03333333333
1 0.03020833333 0.8787037037 0.06041666667 0.05
1 0.04479166667 0.575 0.04166666667 0.05740740741
1 0.0140625 0.7990740741 0.028125 0.03148148148
