5 0.471875 0.8925925926 0.04583333333 0.08518518519
1 0.7552083333 0.7148148148 0.06875 0.07407407407
1 0.6364583333 0.7898148148 0.05625 0.09074074074
3 0.5536458333 0.9388888889 0.040625 0.06666666667
1 0.64375 0.8462962963 0.05416666667 0.1740740741
1 0.7458333333 0.8314814815 0.05625 0.1518518519
1 0.8333333333 0.8611111111 0.025 0.07037037037
1 0.5885416667 0.9796296296 0.03125 0.03703703704
1 0.6697916667 0.8611111111 0.02916666667 0.09259259259
1 0.6802083333 0.8638888889 0.06041666667 0.07962962963
1 0.7848958333 0.812037037 0.04270833333 0.05
1 0.8 0.7277777778 0.05416666667 0.05555555556
1 0.646875 0.9611111111 0.0625 0.06666666667
