5 0.471875 0.8925925926 0.04583333333 0.08518518519
1 0.7546875 0.7166666667 0.065625 0.08518518519
1 0.6354166667 0.7805555556 0.06041666667 0.09444444444
3 0.5526041667 0.9407407407 0.03645833333 0.06296296296
1 0.634375 0.8472222222 0.06041666667 0.1796296296
1 0.7375 0.8314814815 0.05833333333 0.1592592593
1 0.8333333333 0.8611111111 0.025 0.07037037037
1 0.5854166667 0.9712962963 0.04166666667 0.0537037037
1 0.6572916667 0.8462962963 0.02708333333 0.0962962963
1 0.6755208333 0.8416666667 0.06145833333 0.07962962963
1 0.7885416667 0.812037037 0.05833333333 0.05
1 0.8052083333 0.7185185185 0.05 0.04814814815
1 0.6416666667 0.9444444444 0.06041666667 0.06296296296
