1 0.5213541667 0.2833333333 0.05520833333 0.03703703704
1 0.4817708333 0.3509259259 0.065625 0.03148148148
1 0.4833333333 0.4277777778 0.04583333333 0.02962962963
1 0.5286458333 0.4527777778 0.04270833333 0.03148148148
1 0.5286458333 0.4259259259 0.05104166667 0.04444444444
1 0.5395833333 0.3018518519 0.07083333333 0.02962962963
1 0.49375 0.3703703704 0.06041666667 0.04074074074
1 0.5 0.5314814815 0.05416666667 0.02962962963
1 0.5552083333 0.425 0.06041666667 0.03888888889
5 0.6041666667 0.9527777778 0.08333333333 0.09074074074
1 0.6338541667 0.237037037 0.04479166667 0.04814814815
1 0.553125 0.2342592593 0.04375 0.03518518519
1 0.5854166667 0.3537037037 0.04166666667 0.02962962963
1 0.6692708333 0.2833333333 0.04479166667 0.04444444444
1 0.6567708333 0.3518518519 0.034375 0.02962962963
1 0.5494791667 0.4685185185 0.053125 0.04074074074
1 0.6109375 0.3398148148 0.028125 0.03518518519
1 0.5838541667 0.4694444444 0.03020833333 0.02777777778
