1 0.3875 0.2861111111 0.07708333333 0.04259259259
1 0.3796875 0.3027777778 0.06145833333 0.02407407407
1 0.3682291667 0.4435185185 0.05520833333 0.02777777778
1 0.4020833333 0.4842592593 0.06458333333 0.03888888889
1 0.390625 0.5148148148 0.04791666667 0.03703703704
1 0.434375 0.3064814815 0.07083333333 0.03518518519
1 0.3572916667 0.4009259259 0.06666666667 0.0462962963
1 0.3932291667 0.5314814815 0.03645833333 0.03703703704
1 0.4932291667 0.5157407407 0.06145833333 0.03148148148
5 0.6041666667 0.9527777778 0.08333333333 0.09074074074
1 0.5770833333 0.2777777778 0.07291666667 0.02962962963
1 0.4677083333 0.4212962963 0.05833333333 0.03518518519
1 0.5895833333 0.3212962963 0.06666666667 0.03148148148
1 0.5385416667 0.4407407407 0.04583333333 0.04444444444
1 0.421875 0.562037037 0.06458333333 0.06111111111
1 0.5338541667 0.3416666667 0.06979166667 0.05
1 0.4447916667 0.4222222222 0.04583333333 0.03333333333
1 0.4734375 0.4796296296 0.05104166667 0.04074074074
1 0.4546875 0.4564814815 0.053125 0.04259259259
