5 0.471875 0.8925925926 0.04583333333 0.08518518519
1 0.75625 0.7027777778 0.07083333333 0.0537037037
1 0.665625 0.7444444444 0.0625 0.1148148148
1 0.5807291667 0.9074074074 0.090625 0.1703703704
1 0.7114583333 0.8935185185 0.08125 0.1092592593
1 0.8359375 0.8722222222 0.02604166667 0.1
1 0.8052083333 0.9138888889 0.02708333333 0.09814814815
1 0.5885416667 0.9712962963 0.06041666667 0.0537037037
1 0.5651041667 0.9314814815 0.01770833333 0.1333333333
1 0.7333333333 0.812037037 0.07916666667 0.0462962963
1 0.828125 0.7444444444 0.07083333333 0.06296296296
