5 0.4515625 0.9351851852 0.07395833333 0.1074074074
3 0.640625 0.8268518519 0.03958333333 0.05
1 0.1046875 0.7796296296 0.05520833333 0.03703703704
1 0.09635416667 0.8555555556 0.06770833333 0.04074074074
1 0.0625 0.7712962963 0.05833333333 0.03518518519
1 0.04739583333 0.8268518519 0.03854166667 0.02777777778
1 0.03072916667 0.7768518519 0.06145833333 0.07222222222
1 0.05572916667 0.9787037037 0.040625 0.03888888889
1 0.021875 0.9111111111 0.04375 0.03333333333
1 0.0171875 0.9324074074 0.034375 0.03148148148
