1 0.4484375 0.85 0.096875 0.1333333333
1 0.3130208333 0.7981481481 0.09270833333 0.1296296296
1 0.5171875 0.8268518519 0.09270833333 0.1018518519
1 0.3661458333 0.7111111111 0.084375 0.1
1 0.4453125 0.7333333333 0.07604166667 0.1
1 0.2994791667 0.9092592593 0.1177083333 0.1444444444
1 0.3036458333 0.9657407407 0.08020833333 0.06481481481
1 0.3901041667 0.9444444444 0.08854166667 0.1074074074
1 0.2338541667 0.8490740741 0.03854166667 0.07222222222
1 0.2885416667 0.7425925926 0.07916666667 0.09259259259
1 0.5265625 0.9277777778 0.09479166667 0.1037037037
1 0.3510416667 0.8398148148 0.05625 0.09814814815
1 0.5557291667 0.8685185185 0.08645833333 0.08518518519
1 0.4677083333 0.9796296296 0.04791666667 0.03703703704
1 0.2640625 0.9074074074 0.08020833333 0.09259259259
1 0.3765625 0.9175925926 0.065625 0.07592592593
