5 0.4526041667 0.9333333333 0.07395833333 0.1074074074
3 0.6463541667 0.8092592593 0.04479166667 0.05555555556
1 0.0171875 0.7314814815 0.034375 0.02592592593
1 0.053125 0.7722222222 0.0625 0.02962962963
1 0.025 0.6972222222 0.05 0.03148148148
1 0.0640625 0.5916666667 0.06979166667 0.0537037037
1 0.01822916667 0.8064814815 0.03645833333 0.03148148148
1 0.02760416667 0.8527777778 0.05520833333 0.03888888889
1 0.05677083333 0.5351851852 0.059375 0.05555555556
1 0.01041666667 0.7694444444 0.02083333333 0.02777777778
1 0.02447916667 0.3833333333 0.02395833333 0.1037037037
