1 0.4692708333 0.8731481481 0.071875 0.1388888889
1 0.3385416667 0.8212962963 0.0875 0.1018518519
1 0.5302083333 0.8083333333 0.07708333333 0.06851851852
1 0.4005208333 0.7324074074 0.07604166667 0.09074074074
1 0.4807291667 0.712962963 0.096875 0.09259259259
1 0.3348958333 0.9046296296 0.1177083333 0.1388888889
1 0.4119791667 0.962037037 0.059375 0.07222222222
1 0.2338541667 0.8490740741 0.03854166667 0.07222222222
1 0.3270833333 0.8111111111 0.1166666667 0.08888888889
1 0.5546875 0.9064814815 0.08645833333 0.09814814815
1 0.3984375 0.7990740741 0.08645833333 0.09444444444
1 0.5604166667 0.8657407407 0.08958333333 0.07592592593
1 0.2901041667 0.9666666667 0.08020833333 0.06296296296
1 0.390625 0.9074074074 0.06875 0.1111111111
