5 0.4515625 0.9351851852 0.07395833333 0.1074074074
3 0.6453125 0.8148148148 0.04479166667 0.05555555556
1 0.04739583333 0.7083333333 0.06354166667 0.02777777778
1 0.0703125 0.7740740741 0.053125 0.02962962963
1 0.05 0.7416666667 0.0625 0.05
1 0.06875 0.6333333333 0.07083333333 0.05925925926
1 0.01979166667 0.837037037 0.03958333333 0.03333333333
1 0.03229166667 0.9083333333 0.06458333333 0.05740740741
1 0.0171875 0.6259259259 0.034375 0.1
1 0.01354166667 0.8092592593 0.02708333333 0.02222222222
