1 0.2536458333 0.3842592593 0.059375 0.06111111111
1 0.2135416667 0.5111111111 0.0625 0.05555555556
1 0.2489583333 0.4722222222 0.03958333333 0.04814814815
1 0.33125 0.6092592593 0.03958333333 0.03703703704
1 0.278125 0.6444444444 0.07083333333 0.05555555556
1 0.2796875 0.4333333333 0.06979166667 0.05555555556
1 0.2453125 0.6305555556 0.05520833333 0.05740740741
1 0.4208333333 0.5490740741 0.05 0.07222222222
1 0.3359375 0.7416666667 0.05104166667 0.04259259259
5 0.6041666667 0.9527777778 0.08333333333 0.09074074074
1 0.4479166667 0.2453703704 0.075 0.06481481481
1 0.3291666667 0.2398148148 0.04791666667 0.0537037037
1 0.3463541667 0.5138888889 0.07604166667 0.07222222222
1 0.4135416667 0.3092592593 0.075 0.05925925926
1 0.4286458333 0.5833333333 0.065625 0.06296296296
1 0.2645833333 0.6759259259 0.05625 0.04074074074
1 0.4520833333 0.4222222222 0.07083333333 0.07777777778
1 0.3088541667 0.6777777778 0.040625 0.03703703704
1 0.2895833333 0.5361111111 0.03958333333 0.05
