1 0.09479166667 0.8259259259 0.04583333333 0.02962962963
5 0.4651041667 0.9185185185 0.06145833333 0.1259259259
3 0.6010416667 0.9092592593 0.04166666667 0.05555555556
1 0.02916666667 0.9324074074 0.0375 0.02777777778
1 0.06197916667 0.8203703704 0.02395833333 0.02592592593
1 0.01510416667 0.7268518519 0.01979166667 0.02407407407
1 0.1473958333 0.7481481481 0.03229166667 0.02222222222
1 0.09114583333 0.6611111111 0.04895833333 0.02592592593
1 0.07708333333 0.6157407407 0.02916666667 0.02037037037
1 0.03645833333 0.787037037 0.03125 0.01851851852
