1 0.4557291667 0.8666666667 0.08854166667 0.1296296296
1 0.328125 0.8046296296 0.08541666667 0.1388888889
1 0.525 0.8175925926 0.08125 0.07592592593
1 0.3989583333 0.7175925926 0.08541666667 0.1055555556
1 0.4723958333 0.7185185185 0.096875 0.09259259259
1 0.3333333333 0.9111111111 0.1166666667 0.1222222222
1 0.4151041667 0.9462962963 0.078125 0.1037037037
1 0.2338541667 0.8490740741 0.03854166667 0.07222222222
1 0.3197916667 0.7888888889 0.10625 0.08888888889
1 0.5458333333 0.912037037 0.08958333333 0.09074074074
1 0.3901041667 0.8074074074 0.078125 0.08888888889
1 0.5578125 0.8685185185 0.08645833333 0.08148148148
1 0.2755208333 0.9722222222 0.05729166667 0.04814814815
1 0.5104166667 0.8740740741 0.06875 0.07777777778
