5 0.471875 0.8925925926 0.04583333333 0.08518518519
1 0.7515625 0.7277777778 0.059375 0.05925925926
1 0.6744791667 0.7407407407 0.03645833333 0.05925925926
1 0.5682291667 0.9342592593 0.071875 0.1277777778
1 0.703125 0.9277777778 0.07916666667 0.1296296296
1 0.8354166667 0.9083333333 0.02916666667 0.07222222222
1 0.7796875 0.9574074074 0.059375 0.08148148148
1 0.5869791667 0.9824074074 0.04270833333 0.03148148148
1 0.7692708333 0.9083333333 0.01770833333 0.112962963
1 0.8333333333 0.762037037 0.075 0.06851851852
