5 0.4526041667 0.9333333333 0.07395833333 0.1074074074
3 0.6473958333 0.8055555556 0.04479166667 0.05555555556
1 0.01458333333 0.7324074074 0.02916666667 0.02407407407
1 0.04583333333 0.7722222222 0.0625 0.02962962963
1 0.02083333333 0.7046296296 0.04166666667 0.02777777778
1 0.05989583333 0.5722222222 0.07395833333 0.04814814815
1 0.02239583333 0.8083333333 0.04479166667 0.03148148148
1 0.0265625 0.8685185185 0.053125 0.03703703704
1 0.04895833333 0.5157407407 0.06458333333 0.04259259259
1 0.01145833333 0.7546296296 0.02291666667 0.02037037037
1 0.03854166667 0.362037037 0.025 0.1055555556
