5 0.4515625 0.9351851852 0.07395833333 0.1074074074
3 0.64375 0.8231481481 0.03958333333 0.05
1 0.109375 0.7546296296 0.05625 0.03888888889
1 0.1197916667 0.8509259259 0.0625 0.04259259259
1 0.05520833333 0.7777777778 0.06875 0.05555555556
1 0.028125 0.7814814815 0.03541666667 0.02962962963
1 0.046875 0.7314814815 0.06875 0.07037037037
1 0.03958333333 0.9388888889 0.06041666667 0.04074074074
1 0.03020833333 0.8861111111 0.06041666667 0.03888888889
1 0.01510416667 0.9444444444 0.03020833333 0.01851851852
