5 0.4526041667 0.9333333333 0.07395833333 0.1074074074
3 0.6463541667 0.812962963 0.04479166667 0.05555555556
1 0.03385416667 0.7175925926 0.059375 0.02777777778
1 0.0671875 0.7703703704 0.053125 0.02962962963
1 0.04114583333 0.7148148148 0.06354166667 0.03703703704
1 0.06510416667 0.6240740741 0.06770833333 0.06296296296
1 0.01666666667 0.825 0.03333333333 0.03148148148
1 0.03177083333 0.887962963 0.06354166667 0.04259259259
1 0.02760416667 0.5814814815 0.02604166667 0.05185185185
1 0.01510416667 0.812037037 0.03020833333 0.02037037037
