5 0.471875 0.8925925926 0.04583333333 0.08518518519
1 0.7515625 0.7166666667 0.065625 0.08888888889
1 0.6354166667 0.7712962963 0.06041666667 0.09814814815
3 0.5520833333 0.9407407407 0.03541666667 0.06296296296
1 0.6270833333 0.8425925926 0.06041666667 0.1703703704
1 0.73125 0.8425925926 0.0625 0.1518518519
1 0.8333333333 0.8611111111 0.025 0.07037037037
1 0.58125 0.9638888889 0.04791666667 0.06851851852
1 0.646875 0.8453703704 0.02083333333 0.09444444444
1 0.6744791667 0.8203703704 0.06354166667 0.1
1 0.7885416667 0.8064814815 0.05625 0.05
1 0.8244791667 0.7111111111 0.05520833333 0.04074074074
1 0.6447916667 0.9314814815 0.0625 0.07407407407
