1 0.2630208333 0.3611111111 0.059375 0.04814814815
1 0.23125 0.4907407407 0.06458333333 0.05555555556
1 0.253125 0.4296296296 0.03958333333 0.04814814815
1 0.3166666667 0.5796296296 0.03958333333 0.04444444444
1 0.2890625 0.6194444444 0.065625 0.07222222222
1 0.2932291667 0.4055555556 0.06770833333 0.05925925926
1 0.2432291667 0.6175925926 0.04479166667 0.05740740741
1 0.4140625 0.5296296296 0.046875 0.1
1 0.3484375 0.6981481481 0.046875 0.06296296296
5 0.6041666667 0.9527777778 0.08333333333 0.09074074074
1 0.4520833333 0.2407407407 0.075 0.05185185185
1 0.3427083333 0.1953703704 0.05625 0.06851851852
1 0.35 0.4916666667 0.07291666667 0.08703703704
1 0.421875 0.3027777778 0.07291666667 0.0537037037
1 0.4338541667 0.5768518519 0.06354166667 0.05740740741
1 0.2802083333 0.6777777778 0.07083333333 0.03703703704
1 0.4520833333 0.4240740741 0.07083333333 0.07777777778
1 0.3192708333 0.6481481481 0.03645833333 0.02592592593
1 0.3005208333 0.4981481481 0.03854166667 0.04074074074
