5 0.4526041667 0.9333333333 0.07395833333 0.1074074074
3 0.6463541667 0.8111111111 0.04479166667 0.05555555556
1 0.01875 0.7305555556 0.0375 0.02777777778
1 0.0578125 0.7703703704 0.06354166667 0.02962962963
1 0.02916666667 0.6953703704 0.05833333333 0.03148148148
1 0.06822916667 0.6027777778 0.06770833333 0.06111111111
1 0.01822916667 0.8101851852 0.03645833333 0.03148148148
1 0.03125 0.8527777778 0.0625 0.03518518519
1 0.06041666667 0.5527777778 0.05208333333 0.07962962963
1 0.015625 0.775 0.03125 0.02777777778
1 0.01510416667 0.3925925926 0.021875 0.1
