1 0.2697916667 0.3185185185 0.05833333333 0.03703703704
1 0.2546875 0.4388888889 0.059375 0.07037037037
1 0.2651041667 0.3944444444 0.03854166667 0.04444444444
1 0.3052083333 0.5268518519 0.05 0.05
1 0.3041666667 0.5740740741 0.0625 0.07037037037
1 0.315625 0.3351851852 0.07291666667 0.08518518519
1 0.2458333333 0.5777777778 0.05 0.06666666667
1 0.3885416667 0.5527777778 0.05 0.06851851852
1 0.3671875 0.6398148148 0.05729166667 0.05
5 0.6041666667 0.9527777778 0.08333333333 0.09074074074
1 0.4567708333 0.2583333333 0.078125 0.03888888889
1 0.3755208333 0.1435185185 0.06354166667 0.05
1 0.365625 0.4777777778 0.07291666667 0.06296296296
1 0.440625 0.3166666667 0.07083333333 0.02962962963
1 0.4494791667 0.5657407407 0.06145833333 0.0462962963
1 0.2979166667 0.6435185185 0.05833333333 0.0537037037
1 0.4567708333 0.4287037037 0.06979166667 0.06481481481
1 0.3229166667 0.5981481481 0.03125 0.02592592593
1 0.3369791667 0.4361111111 0.065625 0.05
