5 0.471875 0.8925925926 0.04583333333 0.08518518519
1 0.7505208333 0.7074074074 0.065625 0.1
1 0.6515625 0.7601851852 0.05729166667 0.1203703704
3 0.553125 0.937962963 0.03333333333 0.06111111111
1 0.6026041667 0.8740740741 0.065625 0.1703703704
1 0.7177083333 0.8796296296 0.07916666667 0.1148148148
1 0.8338541667 0.862962963 0.02604166667 0.07407407407
1 0.8083333333 0.8898148148 0.02708333333 0.09814814815
1 0.5838541667 0.962037037 0.05104166667 0.07222222222
1 0.6015625 0.8833333333 0.01979166667 0.1148148148
1 0.7083333333 0.8 0.09166666667 0.06666666667
1 0.7885416667 0.8111111111 0.04166666667 0.08518518519
1 0.6786458333 0.9638888889 0.065625 0.06851851852
1 0.8328125 0.7296296296 0.06979166667 0.05925925926
