1 0.3645833333 0.2759259259 0.06875 0.03703703704
1 0.365625 0.2953703704 0.06666666667 0.04259259259
1 0.3552083333 0.4453703704 0.06041666667 0.03148148148
1 0.3697916667 0.487962963 0.06458333333 0.03888888889
1 0.3755208333 0.5351851852 0.059375 0.05185185185
1 0.4088541667 0.3166666667 0.06979166667 0.03703703704
1 0.3359375 0.3972222222 0.06770833333 0.06481481481
1 0.3817708333 0.5527777778 0.03854166667 0.04259259259
1 0.4739583333 0.5194444444 0.06041666667 0.03148148148
5 0.6041666667 0.9527777778 0.08333333333 0.09074074074
1 0.5505208333 0.2648148148 0.07395833333 0.03333333333
1 0.4588541667 0.4407407407 0.06145833333 0.04074074074
1 0.5604166667 0.3111111111 0.05625 0.02962962963
1 0.5171875 0.4583333333 0.053125 0.04259259259
1 0.3979166667 0.5916666667 0.06458333333 0.0462962963
1 0.5114583333 0.3564814815 0.06458333333 0.0537037037
1 0.428125 0.4407407407 0.04583333333 0.03333333333
1 0.4567708333 0.4990740741 0.05520833333 0.0462962963
1 0.4333333333 0.4824074074 0.05208333333 0.03148148148
