1 0.2442708333 0.8277777778 0.103125 0.1481481481
1 0.1473958333 0.9425925926 0.071875 0.08518518519
1 0.2213541667 0.5425925926 0.078125 0.2962962963
1 0.2744791667 0.887037037 0.08854166667 0.1851851852
1 0.14375 0.8861111111 0.09791666667 0.1203703704
1 0.1401041667 0.6898148148 0.05520833333 0.1240740741
1 0.203125 0.5462962963 0.0625 0.2074074074
1 0.09270833333 0.5703703704 0.05625 0.237037037
1 0.1005208333 0.6990740741 0.06145833333 0.2203703704
1 0.2755208333 0.9648148148 0.08854166667 0.06666666667
