1 0.440625 0.7972222222 0.09791666667 0.07962962963
1 0.2609375 0.5907407407 0.1072916667 0.1333333333
1 0.4651041667 0.6935185185 0.134375 0.07962962963
1 0.3473958333 0.7111111111 0.1177083333 0.08888888889
1 0.434375 0.7277777778 0.1270833333 0.1481481481
1 0.2088541667 0.7 0.09895833333 0.1703703704
1 0.5463541667 0.7657407407 0.1322916667 0.1018518519
1 0.4036458333 0.5166666667 0.140625 0.1185185185
1 0.2364583333 0.7425925926 0.125 0.1
1 0.290625 0.8037037037 0.09791666667 0.1259259259
1 0.16875 0.8907407407 0.125 0.1
1 0.3078125 0.8833333333 0.090625 0.0962962963
1 0.409375 0.8796296296 0.125 0.162962963
1 0.1947916667 0.912037037 0.1458333333 0.15
1 0.2567708333 0.9768518519 0.08020833333 0.04259259259
