1 0.4484375 0.8361111111 0.1239583333 0.05740740741
1 0.2927083333 0.6657407407 0.10625 0.09074074074
1 0.4703125 0.7611111111 0.115625 0.1037037037
1 0.353125 0.7324074074 0.1333333333 0.1277777778
1 0.4385416667 0.8611111111 0.125 0.0962962963
1 0.20625 0.7592592593 0.1104166667 0.1148148148
1 0.5697916667 0.8046296296 0.1395833333 0.1240740741
1 0.4364583333 0.6074074074 0.1479166667 0.08888888889
1 0.2473958333 0.8185185185 0.103125 0.1
1 0.2973958333 0.875 0.090625 0.1277777778
1 0.1895833333 0.9333333333 0.1145833333 0.1111111111
1 0.3151041667 0.95 0.109375 0.07407407407
1 0.4734375 0.962962963 0.1302083333 0.07037037037
1 0.2125 0.9675925926 0.08958333333 0.06111111111
