1 0.4598958333 0.2694444444 0.06979166667 0.04259259259
1 0.421875 0.312037037 0.05833333333 0.03148148148
1 0.4270833333 0.4175925926 0.05416666667 0.03148148148
1 0.4572916667 0.4212962963 0.06875 0.0462962963
1 0.4578125 0.425 0.06979166667 0.0462962963
1 0.4838541667 0.2962962963 0.06145833333 0.02962962963
1 0.4322916667 0.3666666667 0.07291666667 0.06296296296
1 0.4239583333 0.5037037037 0.04375 0.03333333333
1 0.5369791667 0.5314814815 0.05520833333 0.02962962963
1 0.4463541667 0.4657407407 0.04479166667 0.02777777778
5 0.6041666667 0.9527777778 0.08333333333 0.09074074074
1 0.6432291667 0.2666666667 0.06145833333 0.03703703704
1 0.5442708333 0.2296296296 0.06354166667 0.02592592593
1 0.5244791667 0.4009259259 0.059375 0.03148148148
1 0.6494791667 0.3277777778 0.04479166667 0.04444444444
1 0.5890625 0.4305555556 0.034375 0.04259259259
1 0.4552083333 0.5138888889 0.05833333333 0.06111111111
1 0.5958333333 0.362037037 0.03541666667 0.03518518519
1 0.5447916667 0.4574074074 0.06041666667 0.03333333333
1 0.4901041667 0.4462962963 0.04895833333 0.04074074074
