1 0.5427083333 0.2574074074 0.05 0.05185185185
1 0.5083333333 0.3537037037 0.05416666667 0.04074074074
1 0.5223958333 0.387037037 0.034375 0.03333333333
1 0.546875 0.4333333333 0.04791666667 0.02592592593
1 0.5541666667 0.3888888889 0.04583333333 0.04444444444
1 0.5625 0.2972222222 0.04166666667 0.03148148148
1 0.5114583333 0.3583333333 0.05208333333 0.03148148148
1 0.5390625 0.4962962963 0.04895833333 0.02962962963
1 0.578125 0.3962962963 0.03958333333 0.03703703704
1 0.5541666667 0.4092592593 0.03541666667 0.02222222222
5 0.6046875 0.9527777778 0.08229166667 0.09074074074
1 0.6291666667 0.2175925926 0.0375 0.03518518519
1 0.6151041667 0.3277777778 0.04479166667 0.03703703704
1 0.6755208333 0.2777777778 0.04479166667 0.04444444444
1 0.6822916667 0.3703703704 0.02916666667 0.02592592593
1 0.5901041667 0.4407407407 0.01979166667 0.02592592593
