5 0.471875 0.8925925926 0.04583333333 0.08518518519
1 0.7505208333 0.7074074074 0.065625 0.1
1 0.6515625 0.7518518519 0.04479166667 0.09259259259
3 0.5526041667 0.9388888889 0.03645833333 0.06666666667
1 0.6052083333 0.8694444444 0.06041666667 0.1574074074
1 0.71875 0.8796296296 0.07291666667 0.1148148148
1 0.8333333333 0.862037037 0.025 0.07222222222
1 0.8072916667 0.8916666667 0.02708333333 0.09814814815
1 0.5838541667 0.9592592593 0.053125 0.07777777778
1 0.609375 0.8722222222 0.02083333333 0.1037037037
1 0.6994791667 0.8 0.08854166667 0.07407407407
1 0.7869791667 0.8046296296 0.04479166667 0.08703703704
1 0.6713541667 0.9564814815 0.065625 0.07962962963
1 0.8307291667 0.7240740741 0.06770833333 0.05925925926
