1 0.3473958333 0.262037037 0.08020833333 0.03518518519
1 0.34375 0.2888888889 0.05833333333 0.05925925926
1 0.3375 0.4342592593 0.06041666667 0.02777777778
1 0.3484375 0.5018518519 0.065625 0.04444444444
1 0.365625 0.5472222222 0.06875 0.05740740741
1 0.3947916667 0.3101851852 0.07291666667 0.03888888889
1 0.3166666667 0.4092592593 0.06875 0.06296296296
1 0.3802083333 0.5675925926 0.04791666667 0.0462962963
1 0.4541666667 0.5342592593 0.05208333333 0.05
5 0.6041666667 0.9527777778 0.08333333333 0.09074074074
1 0.53125 0.2592592593 0.07083333333 0.03703703704
1 0.4635416667 0.1953703704 0.05833333333 0.02037037037
1 0.4421875 0.4518518519 0.071875 0.04444444444
1 0.5510416667 0.3064814815 0.0625 0.02777777778
1 0.5072916667 0.4685185185 0.05 0.04444444444
1 0.3838541667 0.6009259259 0.071875 0.04259259259
1 0.49375 0.3648148148 0.07083333333 0.06666666667
1 0.4104166667 0.4481481481 0.04583333333 0.02592592593
1 0.4317708333 0.5314814815 0.04895833333 0.03703703704
1 0.4145833333 0.4925925926 0.05208333333 0.02962962963
