1 0.2229166667 0.4990740741 0.05208333333 0.05740740741
1 0.178125 0.6111111111 0.05208333333 0.08148148148
1 0.2020833333 0.5740740741 0.04375 0.05185185185
1 0.2541666667 0.6805555556 0.07916666667 0.05
1 0.2286458333 0.5074074074 0.065625 0.06296296296
1 0.2015625 0.6861111111 0.05729166667 0.05
1 0.36875 0.7111111111 0.07291666667 0.04444444444
1 0.2765625 0.8046296296 0.04895833333 0.03888888889
5 0.6041666667 0.9527777778 0.08333333333 0.09074074074
1 0.4260416667 0.3861111111 0.075 0.04259259259
1 0.2651041667 0.3898148148 0.06770833333 0.04259259259
1 0.3041666667 0.6138888889 0.07916666667 0.05
1 0.3135416667 0.4305555556 0.06041666667 0.0462962963
1 0.3317708333 0.7527777778 0.06145833333 0.0462962963
1 0.2322916667 0.7175925926 0.06458333333 0.04259259259
1 0.4041666667 0.5231481481 0.08125 0.05740740741
1 0.2760416667 0.7342592593 0.04583333333 0.0462962963
1 0.2677083333 0.5962962963 0.05 0.03333333333
1 0.2546875 0.6324074074 0.046875 0.03148148148
