1 0.4619791667 0.8731481481 0.1052083333 0.06111111111
1 0.3 0.7333333333 0.1333333333 0.08148148148
1 0.4921875 0.7935185185 0.1302083333 0.1018518519
1 0.3401041667 0.737962963 0.08645833333 0.1055555556
1 0.4604166667 0.9231481481 0.14375 0.07222222222
1 0.2119791667 0.7944444444 0.115625 0.1074074074
1 0.5807291667 0.8268518519 0.1447916667 0.1018518519
1 0.4427083333 0.6666666667 0.1458333333 0.08518518519
1 0.265625 0.8675925926 0.1166666667 0.07592592593
1 0.3177083333 0.9148148148 0.10625 0.07407407407
1 0.2026041667 0.95 0.1072916667 0.0962962963
1 0.3203125 0.9731481481 0.1010416667 0.05
1 0.5151041667 0.9787037037 0.1177083333 0.03888888889
