1 0.5255208333 0.2842592593 0.053125 0.03888888889
1 0.4963541667 0.3527777778 0.071875 0.03518518519
1 0.4921875 0.4138888889 0.04895833333 0.03888888889
1 0.5307291667 0.45 0.040625 0.02592592593
1 0.5333333333 0.4194444444 0.05 0.0462962963
1 0.546875 0.3074074074 0.06666666667 0.03333333333
1 0.5 0.3685185185 0.06041666667 0.03703703704
1 0.509375 0.5259259259 0.05208333333 0.02962962963
1 0.5630208333 0.4148148148 0.05520833333 0.03703703704
1 0.5239583333 0.4259259259 0.03541666667 0.02222222222
5 0.6041666667 0.9527777778 0.08333333333 0.09074074074
1 0.6307291667 0.2314814815 0.04479166667 0.04814814815
1 0.5557291667 0.2305555556 0.03854166667 0.03518518519
1 0.5890625 0.3518518519 0.04270833333 0.02592592593
1 0.6692708333 0.2814814815 0.04479166667 0.04444444444
1 0.6567708333 0.3481481481 0.034375 0.02962962963
1 0.5552083333 0.4666666667 0.04791666667 0.03333333333
1 0.5901041667 0.437037037 0.01979166667 0.02592592593
1 0.584375 0.4601851852 0.02083333333 0.02037037037
