1 0.08802083333 0.5111111111 0.034375 0.02592592593
1 0.096875 0.8388888889 0.04583333333 0.02592592593
5 0.4651041667 0.9185185185 0.06145833333 0.1259259259
3 0.6010416667 0.9092592593 0.04166666667 0.05555555556
1 0.02395833333 0.9657407407 0.03125 0.02407407407
1 0.07708333333 0.8240740741 0.025 0.02222222222
1 0.0203125 0.8972222222 0.03854166667 0.0462962963
1 0.03697916667 0.7388888889 0.02395833333 0.02962962963
1 0.01666666667 0.5564814815 0.03125 0.02037037037
1 0.015625 0.6175925926 0.02708333333 0.02407407407
1 0.1427083333 0.7833333333 0.03333333333 0.02222222222
1 0.1135416667 0.7027777778 0.05 0.02777777778
1 0.1036458333 0.6361111111 0.028125 0.02037037037
1 0.06145833333 0.8203703704 0.02708333333 0.01851851852
