5 0.4526041667 0.9333333333 0.07395833333 0.1074074074
3 0.6463541667 0.812962963 0.04479166667 0.05555555556
1 0.01875 0.7305555556 0.0375 0.02777777778
1 0.0640625 0.7703703704 0.06354166667 0.02962962963
1 0.03020833333 0.6935185185 0.06041666667 0.03148148148
1 0.06822916667 0.6074074074 0.065625 0.06296296296
1 0.01770833333 0.8101851852 0.03541666667 0.03148148148
1 0.03177083333 0.8574074074 0.06354166667 0.04074074074
1 0.05729166667 0.5574074074 0.05 0.07407407407
1 0.015625 0.7787037037 0.03125 0.03148148148
1 0.01145833333 0.3953703704 0.02083333333 0.09814814815
