5 0.4515625 0.9351851852 0.07395833333 0.1074074074
3 0.6416666667 0.8268518519 0.03958333333 0.05
1 0.10625 0.7768518519 0.05416666667 0.03888888889
1 0.1015625 0.8527777778 0.06979166667 0.03888888889
1 0.06354166667 0.7712962963 0.05625 0.03518518519
1 0.0515625 0.8240740741 0.04270833333 0.02592592593
1 0.034375 0.7703703704 0.06875 0.07037037037
1 0.059375 0.9759259259 0.04375 0.04074074074
1 0.021875 0.9083333333 0.04375 0.03888888889
1 0.02083333333 0.9305555556 0.04166666667 0.03518518519
