5 0.471875 0.8925925926 0.04583333333 0.08518518519
1 0.7505208333 0.7074074074 0.065625 0.1
1 0.646875 0.7583333333 0.05 0.09814814815
3 0.5526041667 0.9388888889 0.03645833333 0.06666666667
1 0.6072916667 0.8648148148 0.05416666667 0.1444444444
1 0.7197916667 0.8777777778 0.07291666667 0.1148148148
1 0.8333333333 0.8611111111 0.025 0.07037037037
1 0.8072916667 0.8898148148 0.02708333333 0.09814814815
1 0.5833333333 0.9564814815 0.05416666667 0.08333333333
1 0.61875 0.862962963 0.02083333333 0.1
1 0.6880208333 0.8018518519 0.08020833333 0.08148148148
1 0.7869791667 0.8018518519 0.05104166667 0.08518518519
1 0.6635416667 0.9444444444 0.06666666667 0.08148148148
1 0.8286458333 0.7194444444 0.065625 0.05740740741
