5 0.4526041667 0.937037037 0.07395833333 0.1074074074
3 0.6416666667 0.8 0.0375 0.04814814815
1 0.0203125 0.7574074074 0.040625 0.02962962963
1 0.03697916667 0.7101851852 0.06145833333 0.03888888889
1 0.03020833333 0.6240740741 0.06041666667 0.04814814815
1 0.02864583333 0.8611111111 0.05729166667 0.03703703704
1 0.04270833333 0.962962963 0.08541666667 0.04814814815
1 0.03072916667 0.662037037 0.06145833333 0.02777777778
1 0.05885416667 0.8296296296 0.08020833333 0.05185185185
1 0.02239583333 0.5222222222 0.04479166667 0.04814814815
