1 0.221875 0.4842592593 0.04583333333 0.05
1 0.1838541667 0.5648148148 0.06145833333 0.1
1 0.2203125 0.5361111111 0.05104166667 0.06111111111
1 0.3322916667 0.6574074074 0.04791666667 0.02962962963
1 0.2864583333 0.6518518519 0.07291666667 0.05555555556
1 0.2359375 0.4796296296 0.065625 0.08148148148
1 0.2182291667 0.6731481481 0.05729166667 0.05
1 0.3838541667 0.6777777778 0.06770833333 0.06666666667
1 0.278125 0.7981481481 0.05 0.04814814815
5 0.6041666667 0.9527777778 0.08333333333 0.09074074074
1 0.4239583333 0.3490740741 0.06666666667 0.03518518519
1 0.2890625 0.3583333333 0.065625 0.0462962963
1 0.321875 0.5990740741 0.07916666667 0.0462962963
1 0.3359375 0.3916666667 0.06979166667 0.05
1 0.3463541667 0.7305555556 0.06145833333 0.0537037037
1 0.234375 0.7083333333 0.06458333333 0.05740740741
1 0.409375 0.4953703704 0.06666666667 0.05740740741
1 0.2828125 0.7222222222 0.05520833333 0.05185185185
1 0.271875 0.5962962963 0.05 0.02962962963
1 0.26875 0.6333333333 0.0625 0.03333333333
