1 0.2989583333 0.2564814815 0.06666666667 0.06851851852
1 0.2869791667 0.362037037 0.06145833333 0.07222222222
1 0.2932291667 0.3916666667 0.053125 0.0462962963
1 0.3130208333 0.5055555556 0.06354166667 0.04444444444
1 0.325 0.5546296296 0.06666666667 0.07222222222
1 0.3354166667 0.2962962963 0.07291666667 0.06666666667
1 0.2630208333 0.4666666667 0.06354166667 0.0962962963
1 0.378125 0.5712962963 0.05208333333 0.0537037037
1 0.3963541667 0.6074074074 0.06145833333 0.03703703704
5 0.6041666667 0.9527777778 0.08333333333 0.09074074074
1 0.4802083333 0.2814814815 0.07291666667 0.03703703704
1 0.4114583333 0.1444444444 0.05833333333 0.03333333333
1 0.3807291667 0.4833333333 0.071875 0.04444444444
1 0.4911458333 0.3305555556 0.071875 0.03148148148
1 0.4729166667 0.5305555556 0.05 0.04259259259
1 0.334375 0.6111111111 0.06666666667 0.04074074074
1 0.4619791667 0.4166666667 0.065625 0.07407407407
1 0.3848958333 0.4361111111 0.06354166667 0.03148148148
1 0.3703125 0.4907407407 0.04895833333 0.02962962963
