5 0.471875 0.8925925926 0.04583333333 0.08518518519
1 0.7505208333 0.7037037037 0.065625 0.1
1 0.6572916667 0.7555555556 0.06041666667 0.1259259259
3 0.5536458333 0.937037037 0.028125 0.05185185185
1 0.5911458333 0.887037037 0.08020833333 0.1703703704
1 0.7140625 0.8851851852 0.08229166667 0.1185185185
1 0.8338541667 0.862962963 0.02604166667 0.07777777778
1 0.8083333333 0.8916666667 0.02708333333 0.09814814815
1 0.5864583333 0.9638888889 0.06041666667 0.06851851852
1 0.5895833333 0.8953703704 0.01875 0.1240740741
1 0.7166666667 0.8064814815 0.09166666667 0.05740740741
1 0.7901041667 0.8203703704 0.03645833333 0.08148148148
1 0.6875 0.9703703704 0.05625 0.05555555556
1 0.8322916667 0.7351851852 0.07083333333 0.05925925926
