1 0.4947916667 0.3037037037 0.05625 0.04074074074
1 0.4489583333 0.3342592593 0.05625 0.03148148148
1 0.4645833333 0.4148148148 0.05625 0.03333333333
1 0.503125 0.4435185185 0.05625 0.03518518519
1 0.5119791667 0.4546296296 0.06770833333 0.03148148148
1 0.5270833333 0.2981481481 0.06041666667 0.02962962963
1 0.471875 0.3712962963 0.06875 0.03518518519
1 0.4651041667 0.5083333333 0.046875 0.02777777778
1 0.5630208333 0.5194444444 0.03020833333 0.02407407407
1 0.4817708333 0.4675925926 0.04479166667 0.02777777778
5 0.6041666667 0.9527777778 0.08333333333 0.09074074074
1 0.6442708333 0.2611111111 0.04479166667 0.04444444444
1 0.5458333333 0.237962963 0.05625 0.03148148148
1 0.5609375 0.3768518519 0.04895833333 0.04259259259
1 0.6526041667 0.3148148148 0.04479166667 0.04444444444
1 0.6380208333 0.3712962963 0.034375 0.04259259259
1 0.5182291667 0.4898148148 0.053125 0.0462962963
1 0.6109375 0.3398148148 0.028125 0.03518518519
1 0.5760416667 0.4509259259 0.04375 0.03148148148
