1 0.459375 0.9101851852 0.06041666667 0.0537037037
1 0.315625 0.7601851852 0.1375 0.05740740741
1 0.4994791667 0.8064814815 0.1302083333 0.08703703704
1 0.3609375 0.725 0.1072916667 0.07962962963
1 0.4760416667 0.9398148148 0.1479166667 0.08333333333
1 0.2119791667 0.8101851852 0.1197916667 0.1018518519
1 0.5640625 0.8555555556 0.1510416667 0.1037037037
1 0.4484375 0.7 0.140625 0.08888888889
1 0.2666666667 0.887962963 0.11875 0.07962962963
1 0.3213541667 0.9462962963 0.103125 0.05925925926
1 0.2130208333 0.9564814815 0.09270833333 0.08333333333
1 0.33125 0.9814814815 0.09375 0.03333333333
