1 0.425 0.7407407407 0.0625 0.07407407407
1 0.465625 0.5611111111 0.08541666667 0.1333333333
1 0.3255208333 0.6240740741 0.09895833333 0.1185185185
1 0.4119791667 0.575 0.121875 0.1425925926
1 0.2140625 0.5009259259 0.1114583333 0.1833333333
1 0.4890625 0.6675925926 0.09895833333 0.1166666667
1 0.3119791667 0.437037037 0.09479166667 0.162962963
1 0.1916666667 0.6759259259 0.1145833333 0.1148148148
1 0.265625 0.6703703704 0.08541666667 0.1888888889
1 0.1666666667 0.7416666667 0.1041666667 0.1462962963
1 0.3369791667 0.7185185185 0.09479166667 0.1074074074
1 0.3130208333 0.812037037 0.134375 0.1759259259
1 0.2119791667 0.837037037 0.115625 0.1740740741
1 0.2421875 0.9435185185 0.08229166667 0.09074074074
1 0.4052083333 0.937037037 0.08333333333 0.1037037037
1 0.2526041667 0.8351851852 0.090625 0.1074074074
1 0.2401041667 0.5574074074 0.090625 0.1074074074
1 0.415625 0.9638888889 0.07708333333 0.06851851852
