1 0.3026041667 0.2537037037 0.06145833333 0.06296296296
1 0.2953125 0.3435185185 0.05520833333 0.08333333333
1 0.2958333333 0.3925925926 0.04791666667 0.04814814815
1 0.3203125 0.5055555556 0.06354166667 0.04444444444
1 0.3302083333 0.5527777778 0.06666666667 0.06851851852
1 0.3421875 0.2953703704 0.071875 0.06111111111
1 0.2692708333 0.4574074074 0.06145833333 0.09259259259
1 0.3765625 0.5685185185 0.05104166667 0.04814814815
1 0.4036458333 0.6018518519 0.06145833333 0.03703703704
5 0.6041666667 0.9527777778 0.08333333333 0.09074074074
1 0.4822916667 0.2842592593 0.07291666667 0.03518518519
1 0.4109375 0.1546296296 0.05520833333 0.03148148148
1 0.3859375 0.4824074074 0.071875 0.0462962963
1 0.5015625 0.3287037037 0.071875 0.03148148148
1 0.4854166667 0.5194444444 0.05208333333 0.0462962963
1 0.346875 0.612962963 0.07708333333 0.04074074074
1 0.4619791667 0.4166666667 0.065625 0.07407407407
1 0.3848958333 0.4361111111 0.06354166667 0.03148148148
1 0.3723958333 0.4925925926 0.04895833333 0.02592592593
