1 0.4302083333 0.762962963 0.075 0.08148148148
1 0.2338541667 0.6259259259 0.08229166667 0.1037037037
1 0.4421875 0.6277777778 0.103125 0.08518518519
1 0.3484375 0.6666666667 0.1135416667 0.09259259259
1 0.4317708333 0.6592592593 0.1260416667 0.1481481481
1 0.2072916667 0.6861111111 0.1145833333 0.1425925926
1 0.5151041667 0.7203703704 0.1302083333 0.1111111111
1 0.3770833333 0.4888888889 0.14375 0.1333333333
1 0.225 0.7305555556 0.1291666667 0.1055555556
1 0.2739583333 0.7805555556 0.1 0.09074074074
1 0.1552083333 0.8527777778 0.11875 0.08703703704
1 0.321875 0.8333333333 0.1020833333 0.1148148148
1 0.390625 0.837962963 0.1104166667 0.1833333333
1 0.20625 0.8796296296 0.1541666667 0.1296296296
1 0.2401041667 0.9555555556 0.109375 0.08518518519
1 0.4197916667 0.9675925926 0.05 0.06111111111
