5 0.471875 0.8925925926 0.04583333333 0.08518518519
1 0.7526041667 0.7166666667 0.065625 0.08888888889
1 0.6354166667 0.775 0.06041666667 0.09814814815
3 0.5520833333 0.9407407407 0.03541666667 0.06296296296
1 0.63125 0.8453703704 0.06041666667 0.1759259259
1 0.7338541667 0.8351851852 0.059375 0.1592592593
1 0.8333333333 0.8611111111 0.025 0.07037037037
1 0.5833333333 0.9685185185 0.04375 0.05925925926
1 0.6536458333 0.8444444444 0.02604166667 0.0962962963
1 0.6723958333 0.8351851852 0.06145833333 0.08148148148
1 0.7885416667 0.8101851852 0.05833333333 0.05
1 0.8125 0.7157407407 0.05208333333 0.0462962963
1 0.6427083333 0.937037037 0.06041666667 0.06666666667
