1 0.2901041667 0.8842592593 0.08854166667 0.09074074074
1 0.2083333333 0.9740740741 0.07708333333 0.04814814815
1 0.29375 0.7277777778 0.07083333333 0.1074074074
1 0.1442708333 0.9259259259 0.04895833333 0.08518518519
1 0.1567708333 0.7935185185 0.1135416667 0.1611111111
1 0.325 0.6166666667 0.1104166667 0.2333333333
1 0.1817708333 0.6907407407 0.053125 0.1407407407
1 0.2 0.8657407407 0.07291666667 0.2314814815
1 0.3552083333 0.9388888889 0.1291666667 0.1185185185
1 0.02447916667 0.7796296296 0.04895833333 0.1666666667
