5 0.4526041667 0.9333333333 0.07395833333 0.1074074074
3 0.6453125 0.8037037037 0.04479166667 0.05555555556
1 0.0125 0.7305555556 0.025 0.02407407407
1 0.03645833333 0.7712962963 0.06458333333 0.02777777778
1 0.01666666667 0.7064814815 0.03333333333 0.02777777778
1 0.05260416667 0.5611111111 0.07604166667 0.04074074074
1 0.02395833333 0.812037037 0.04791666667 0.03148148148
1 0.02916666667 0.8768518519 0.05833333333 0.0462962963
1 0.03697916667 0.5092592593 0.06979166667 0.03333333333
1 0.02708333333 0.7518518519 0.05416666667 0.03333333333
1 0.053125 0.3564814815 0.03125 0.09074074074
