1 0.4489583333 0.7824074074 0.05625 0.1092592593
1 0.4973958333 0.7212962963 0.053125 0.09814814815
1 0.4302083333 0.6907407407 0.1020833333 0.1518518519
1 0.209375 0.6083333333 0.08958333333 0.187037037
1 0.4869791667 0.7731481481 0.078125 0.1277777778
1 0.3338541667 0.537037037 0.1010416667 0.1555555556
1 0.2359375 0.7342592593 0.096875 0.1018518519
1 0.3015625 0.7611111111 0.09270833333 0.1185185185
1 0.1796875 0.8296296296 0.07604166667 0.1407407407
1 0.371875 0.6916666667 0.07916666667 0.09074074074
1 0.2890625 0.8212962963 0.146875 0.1796296296
1 0.2432291667 0.9425925926 0.090625 0.1111111111
1 0.3161458333 0.9305555556 0.084375 0.1351851852
1 0.2338541667 0.8490740741 0.03854166667 0.07222222222
1 0.2458333333 0.6055555556 0.06875 0.09259259259
1 0.4427083333 0.9231481481 0.0875 0.1277777778
1 0.3333333333 0.8648148148 0.08333333333 0.1222222222
