1 0.4317708333 0.725 0.09895833333 0.1685185185
1 0.2369791667 0.6888888889 0.09479166667 0.1888888889
1 0.4895833333 0.8009259259 0.08125 0.1092592593
1 0.3260416667 0.6305555556 0.09583333333 0.1388888889
1 0.26875 0.7555555556 0.1 0.1259259259
1 0.2140625 0.8518518519 0.06770833333 0.1407407407
1 0.3828125 0.6712962963 0.103125 0.1092592593
1 0.2765625 0.8074074074 0.146875 0.1666666667
1 0.2557291667 0.9444444444 0.08854166667 0.1074074074
1 0.3453125 0.9481481481 0.08854166667 0.1
1 0.2338541667 0.8490740741 0.03854166667 0.07222222222
1 0.2401041667 0.6342592593 0.1072916667 0.1240740741
1 0.4651041667 0.9361111111 0.08854166667 0.1240740741
1 0.3427083333 0.887962963 0.08125 0.112962963
1 0.4432291667 0.9712962963 0.06354166667 0.0537037037
