1 0.4213541667 0.7509259259 0.07395833333 0.09814814815
1 0.4869791667 0.6361111111 0.06354166667 0.1425925926
1 0.4135416667 0.5888888889 0.09583333333 0.1851851852
1 0.1989583333 0.5666666667 0.1166666667 0.162962963
1 0.4916666667 0.6935185185 0.08541666667 0.15
1 0.3515625 0.4555555556 0.1135416667 0.1407407407
1 0.1911458333 0.7101851852 0.103125 0.1277777778
1 0.2838541667 0.7185185185 0.09479166667 0.1407407407
1 0.1458333333 0.7916666667 0.10625 0.1462962963
1 0.3427083333 0.7055555556 0.075 0.08888888889
1 0.2822916667 0.825 0.1083333333 0.2388888889
1 0.2223958333 0.8740740741 0.096875 0.1888888889
1 0.2927083333 0.9111111111 0.1041666667 0.1407407407
1 0.3942708333 0.9277777778 0.08229166667 0.1074074074
1 0.2385416667 0.562962963 0.1166666667 0.1185185185
1 0.4145833333 0.9462962963 0.09583333333 0.08518518519
