1 0.26875 0.3416666667 0.0625 0.0462962963
1 0.2421875 0.4712962963 0.06770833333 0.06481481481
1 0.2572916667 0.4148148148 0.03958333333 0.04444444444
1 0.3125 0.5555555556 0.04375 0.04074074074
1 0.3 0.587962963 0.06875 0.09074074074
1 0.303125 0.3796296296 0.06875 0.06666666667
1 0.2447916667 0.6064814815 0.05 0.06111111111
1 0.3984375 0.5444444444 0.04479166667 0.09259259259
1 0.3572916667 0.6611111111 0.05 0.07037037037
5 0.6041666667 0.9527777778 0.08333333333 0.09074074074
1 0.4505208333 0.2453703704 0.07395833333 0.04259259259
1 0.3619791667 0.1601851852 0.071875 0.08333333333
1 0.3552083333 0.4805555556 0.07291666667 0.07222222222
1 0.4255208333 0.3083333333 0.065625 0.04259259259
1 0.440625 0.5722222222 0.05833333333 0.04444444444
1 0.2854166667 0.6722222222 0.07083333333 0.04074074074
1 0.4557291667 0.4259259259 0.06979166667 0.06296296296
1 0.3229166667 0.6305555556 0.0375 0.03518518519
1 0.3145833333 0.4666666667 0.05208333333 0.05555555556
