1 0.4307291667 0.2731481481 0.07604166667 0.05
1 0.4015625 0.3064814815 0.06145833333 0.02777777778
1 0.4083333333 0.4314814815 0.05 0.03703703704
1 0.4364583333 0.4333333333 0.06458333333 0.04814814815
1 0.4348958333 0.437037037 0.065625 0.05555555556
1 0.4651041667 0.2981481481 0.065625 0.03333333333
1 0.3989583333 0.3833333333 0.07083333333 0.04814814815
1 0.4114583333 0.5037037037 0.04583333333 0.03703703704
1 0.5083333333 0.5203703704 0.05208333333 0.02592592593
1 0.4255208333 0.4657407407 0.04479166667 0.02777777778
5 0.6041666667 0.9527777778 0.08333333333 0.09074074074
1 0.6140625 0.2740740741 0.06979166667 0.03703703704
1 0.5375 0.2092592593 0.0625 0.02592592593
1 0.4973958333 0.3990740741 0.05729166667 0.03888888889
1 0.6161458333 0.3351851852 0.06145833333 0.04074074074
1 0.5744791667 0.4324074074 0.034375 0.04259259259
1 0.4364583333 0.537962963 0.05625 0.05740740741
1 0.5776041667 0.3685185185 0.059375 0.03333333333
1 0.5130208333 0.4592592593 0.04895833333 0.03703703704
1 0.4734375 0.45 0.04895833333 0.03333333333
