1 0.2286458333 0.4564814815 0.05520833333 0.0537037037
1 0.190625 0.5425925926 0.0625 0.08148148148
1 0.2338541667 0.5194444444 0.05104166667 0.04259259259
1 0.3302083333 0.6472222222 0.05416666667 0.03148148148
1 0.2703125 0.6453703704 0.01979166667 0.08333333333
1 0.24375 0.4638888889 0.07083333333 0.06481481481
1 0.2291666667 0.6564814815 0.05208333333 0.05740740741
1 0.3932291667 0.6324074074 0.05729166667 0.06111111111
1 0.2869791667 0.7925925926 0.05520833333 0.04814814815
5 0.6041666667 0.9527777778 0.08333333333 0.09074074074
1 0.4302083333 0.3175925926 0.06875 0.04259259259
1 0.3161458333 0.3101851852 0.06979166667 0.06111111111
1 0.325 0.5805555556 0.07291666667 0.03888888889
1 0.3786458333 0.3314814815 0.078125 0.05185185185
1 0.3697916667 0.675 0.05833333333 0.06481481481
1 0.2463541667 0.7 0.065625 0.05925925926
1 0.4354166667 0.4425925926 0.07916666667 0.08148148148
1 0.2979166667 0.7101851852 0.05416666667 0.04259259259
1 0.275 0.5981481481 0.05 0.02962962963
