1 0.4395833333 0.7851851852 0.0875 0.07777777778
1 0.265625 0.5972222222 0.1145833333 0.1314814815
1 0.3505208333 0.6851851852 0.115625 0.08148148148
1 0.4369791667 0.6944444444 0.121875 0.137037037
1 0.2104166667 0.7009259259 0.09791666667 0.1537037037
1 0.5395833333 0.7425925926 0.13125 0.0962962963
1 0.4005208333 0.4990740741 0.1385416667 0.1388888889
1 0.2322916667 0.7398148148 0.1291666667 0.1018518519
1 0.2880208333 0.7888888889 0.1072916667 0.1074074074
1 0.1619791667 0.8777777778 0.121875 0.1
1 0.3140625 0.8685185185 0.1010416667 0.1037037037
1 0.4046875 0.8564814815 0.1260416667 0.1685185185
1 0.2052083333 0.8935185185 0.1541666667 0.1462962963
1 0.2463541667 0.9703703704 0.09270833333 0.05555555556
1 0.4260416667 0.9675925926 0.04375 0.06111111111
