1 0.2739583333 0.3009259259 0.06041666667 0.03888888889
1 0.265625 0.4064814815 0.06041666667 0.08333333333
1 0.2744791667 0.3907407407 0.04479166667 0.04074074074
1 0.2984375 0.5231481481 0.053125 0.05
1 0.3114583333 0.5657407407 0.0625 0.07592592593
1 0.321875 0.3138888889 0.07291666667 0.07962962963
1 0.2479166667 0.5416666667 0.05 0.07592592593
1 0.3864583333 0.5601851852 0.05208333333 0.0537037037
1 0.3765625 0.6240740741 0.06770833333 0.05925925926
5 0.6041666667 0.9527777778 0.08333333333 0.09074074074
1 0.4640625 0.2712962963 0.078125 0.03888888889
1 0.3880208333 0.137962963 0.05520833333 0.03518518519
1 0.3739583333 0.4833333333 0.07291666667 0.05185185185
1 0.4598958333 0.3296296296 0.078125 0.02962962963
1 0.4578125 0.5564814815 0.059375 0.0462962963
1 0.3072916667 0.6194444444 0.05833333333 0.05740740741
1 0.4598958333 0.4212962963 0.06979166667 0.07222222222
1 0.328125 0.5833333333 0.03125 0.02592592593
1 0.3510416667 0.4231481481 0.06458333333 0.05
