5 0.4526041667 0.9333333333 0.07395833333 0.1074074074
3 0.6411458333 0.8037037037 0.04479166667 0.05555555556
1 0.0125 0.7194444444 0.025 0.01666666667
1 0.01770833333 0.8083333333 0.03541666667 0.02407407407
1 0.0265625 0.7203703704 0.053125 0.04814814815
1 0.02708333333 0.6166666667 0.05416666667 0.02592592593
1 0.03489583333 0.8787037037 0.06770833333 0.02777777778
1 0.06510416667 0.9685185185 0.08229166667 0.04444444444
1 0.03333333333 0.5944444444 0.06666666667 0.02592592593
1 0.0703125 0.787037037 0.07604166667 0.05185185185
1 0.01354166667 0.4407407407 0.02708333333 0.06666666667
