5 0.4515625 0.9351851852 0.07395833333 0.1074074074
3 0.6416666667 0.8268518519 0.03958333333 0.05
1 0.1052083333 0.7787037037 0.05416666667 0.03888888889
1 0.09895833333 0.8537037037 0.06875 0.04074074074
1 0.06302083333 0.7712962963 0.05729166667 0.03518518519
1 0.04947916667 0.8259259259 0.040625 0.02592592593
1 0.03072916667 0.775 0.06145833333 0.07222222222
1 0.05729166667 0.9777777778 0.04166666667 0.04074074074
1 0.021875 0.9092592593 0.04375 0.03703703704
1 0.01979166667 0.9314814815 0.03958333333 0.03333333333
