5 0.471875 0.8925925926 0.04583333333 0.08518518519
1 0.7515625 0.7074074074 0.065625 0.1
1 0.6395833333 0.7675925926 0.05625 0.1055555556
3 0.5526041667 0.9407407407 0.03645833333 0.06666666667
1 0.6177083333 0.8444444444 0.06041666667 0.1740740741
1 0.7265625 0.862037037 0.06979166667 0.1351851852
1 0.8333333333 0.8611111111 0.025 0.07037037037
1 0.5828125 0.9546296296 0.05729166667 0.08703703704
1 0.6348958333 0.8546296296 0.01770833333 0.1018518519
1 0.6755208333 0.8064814815 0.06770833333 0.09074074074
1 0.7869791667 0.7981481481 0.059375 0.07777777778
1 0.6510416667 0.9351851852 0.06875 0.08518518519
1 0.8265625 0.712037037 0.065625 0.0537037037
