1 0.4317708333 0.7305555556 0.09479166667 0.1685185185
1 0.2442708333 0.6972222222 0.08854166667 0.1907407407
1 0.5010416667 0.7916666667 0.1 0.1092592593
1 0.328125 0.6361111111 0.09791666667 0.1425925926
1 0.2734375 0.7611111111 0.09270833333 0.1148148148
1 0.2135416667 0.887962963 0.05208333333 0.07222222222
1 0.3859375 0.6712962963 0.103125 0.1092592593
1 0.2739583333 0.8064814815 0.1395833333 0.1574074074
1 0.2583333333 0.9472222222 0.0875 0.1018518519
1 0.3541666667 0.95 0.08958333333 0.0962962963
1 0.2338541667 0.8490740741 0.03854166667 0.07222222222
1 0.24375 0.6407407407 0.1104166667 0.1296296296
1 0.4734375 0.9342592593 0.090625 0.1240740741
1 0.3505208333 0.8972222222 0.08020833333 0.112962963
1 0.3083333333 0.8037037037 0.075 0.1222222222
