1 0.4630208333 0.8444444444 0.1385416667 0.05925925926
1 0.3026041667 0.6851851852 0.1197916667 0.08148148148
1 0.4729166667 0.7657407407 0.11875 0.1055555556
1 0.3510416667 0.7277777778 0.1166666667 0.1185185185
1 0.4447916667 0.8907407407 0.1354166667 0.07777777778
1 0.2135416667 0.7685185185 0.1125 0.1148148148
1 0.5744791667 0.8111111111 0.1385416667 0.1185185185
1 0.4333333333 0.6314814815 0.1458333333 0.08518518519
1 0.2567708333 0.8398148148 0.115625 0.08333333333
1 0.2958333333 0.8944444444 0.0875 0.1111111111
1 0.1989583333 0.9407407407 0.1166666667 0.1111111111
1 0.3208333333 0.9564814815 0.10625 0.06851851852
1 0.4854166667 0.9694444444 0.1270833333 0.05740740741
