5 0.471875 0.8925925926 0.04583333333 0.08518518519
1 0.7583333333 0.7083333333 0.07083333333 0.0537037037
1 0.6677083333 0.7398148148 0.0625 0.1092592593
1 0.5776041667 0.9148148148 0.090625 0.1666666667
1 0.7109375 0.8972222222 0.08020833333 0.1055555556
1 0.8348958333 0.8740740741 0.02604166667 0.1
1 0.8041666667 0.9194444444 0.02708333333 0.09814814815
1 0.5890625 0.9722222222 0.059375 0.05185185185
1 0.5578125 0.9398148148 0.01770833333 0.1166666667
1 0.7479166667 0.812962963 0.07083333333 0.04074074074
1 0.8260416667 0.7472222222 0.07083333333 0.06851851852
