5 0.4526041667 0.9333333333 0.07395833333 0.1074074074
3 0.6442708333 0.8037037037 0.04479166667 0.05555555556
1 0.0125 0.7287037037 0.025 0.02407407407
1 0.0296875 0.7694444444 0.059375 0.02777777778
1 0.01510416667 0.7074074074 0.03020833333 0.02592592593
1 0.0453125 0.5583333333 0.07604166667 0.03518518519
1 0.02395833333 0.8194444444 0.04791666667 0.03148148148
1 0.02916666667 0.8777777778 0.05833333333 0.04814814815
1 0.0359375 0.5148148148 0.06770833333 0.04074074074
1 0.03020833333 0.75 0.06041666667 0.02592592593
1 0.05833333333 0.3425925926 0.05208333333 0.05185185185
