1 0.2739583333 0.5814814815 0.07083333333 0.05555555556
1 0.4442708333 0.5851851852 0.115625 0.1296296296
1 0.3453125 0.6527777778 0.109375 0.09444444444
1 0.4401041667 0.6148148148 0.1239583333 0.1481481481
1 0.2135416667 0.6444444444 0.11875 0.1333333333
1 0.5005208333 0.6935185185 0.103125 0.1277777778
1 0.3520833333 0.4685185185 0.1354166667 0.137037037
1 0.2140625 0.7074074074 0.1177083333 0.0962962963
1 0.2598958333 0.7472222222 0.103125 0.1166666667
1 0.1619791667 0.7842592593 0.1177083333 0.1203703704
1 0.3265625 0.8185185185 0.09479166667 0.08148148148
1 0.3713541667 0.8361111111 0.1239583333 0.1722222222
1 0.2057291667 0.862962963 0.1322916667 0.1407407407
1 0.24375 0.9361111111 0.1104166667 0.1240740741
1 0.409375 0.9657407407 0.07083333333 0.05
