1 0.4192708333 0.7518518519 0.06145833333 0.07407407407
1 0.475 0.5972222222 0.06666666667 0.1685185185
1 0.3317708333 0.6675925926 0.08854166667 0.112962963
1 0.4052083333 0.587962963 0.1083333333 0.1648148148
1 0.2130208333 0.5444444444 0.109375 0.1814814815
1 0.4848958333 0.6638888889 0.090625 0.15
1 0.3411458333 0.4462962963 0.109375 0.1592592593
1 0.18125 0.6981481481 0.1083333333 0.1296296296
1 0.2817708333 0.6990740741 0.090625 0.1351851852
1 0.1479166667 0.7731481481 0.1166666667 0.1462962963
1 0.3505208333 0.7 0.06354166667 0.07777777778
1 0.2859375 0.8 0.1302083333 0.2037037037
1 0.2125 0.8314814815 0.1 0.2037037037
1 0.2765625 0.9055555556 0.103125 0.1333333333
1 0.4119791667 0.9092592593 0.090625 0.0962962963
1 0.2442708333 0.5601851852 0.1052083333 0.1018518519
1 0.4203125 0.9555555556 0.09479166667 0.08518518519
