5 0.4526041667 0.9333333333 0.07395833333 0.1074074074
3 0.6463541667 0.812962963 0.04479166667 0.05555555556
1 0.0265625 0.7268518519 0.053125 0.02777777778
1 0.06510416667 0.7694444444 0.059375 0.02777777778
1 0.03177083333 0.6935185185 0.06354166667 0.03148148148
1 0.06822916667 0.6166666667 0.06354166667 0.07037037037
1 0.01666666667 0.812037037 0.03333333333 0.03148148148
1 0.03229166667 0.8740740741 0.06458333333 0.05555555556
1 0.05104166667 0.5666666667 0.04583333333 0.06666666667
1 0.01458333333 0.7861111111 0.02916666667 0.03518518519
