5 0.471875 0.8925925926 0.04583333333 0.08518518519
1 0.7546875 0.7287037037 0.059375 0.05
1 0.675 0.7407407407 0.03541666667 0.05925925926
1 0.5666666667 0.9398148148 0.0625 0.1166666667
1 0.7026041667 0.9305555556 0.08020833333 0.1314814815
1 0.8364583333 0.9138888889 0.02916666667 0.07222222222
1 0.7776041667 0.9592592593 0.06354166667 0.07777777778
1 0.5875 0.9842592593 0.03958333333 0.02777777778
1 0.7677083333 0.9212962963 0.01875 0.1055555556
1 0.8333333333 0.762037037 0.075 0.06851851852
