1 0.2322916667 0.8175925926 0.10625 0.1314814815
1 0.1104166667 0.8722222222 0.07083333333 0.2074074074
1 0.1692708333 0.5648148148 0.071875 0.2222222222
1 0.2213541667 0.9157407407 0.06979166667 0.1648148148
1 0.1114583333 0.8231481481 0.1 0.1574074074
1 0.07395833333 0.6657407407 0.07083333333 0.1685185185
1 0.1203125 0.5194444444 0.04895833333 0.2537037037
1 0.03697916667 0.9435185185 0.071875 0.1092592593
1 0.05416666667 0.5268518519 0.05 0.2314814815
1 0.02239583333 0.6805555556 0.040625 0.2018518519
