1 0.5432291667 0.2712962963 0.04895833333 0.0462962963
1 0.5046875 0.3555555556 0.053125 0.04444444444
1 0.5145833333 0.3907407407 0.03958333333 0.03333333333
1 0.5416666667 0.4333333333 0.05208333333 0.02592592593
1 0.55 0.4 0.05 0.04074074074
1 0.5557291667 0.3027777778 0.05104166667 0.03148148148
1 0.5098958333 0.3657407407 0.06145833333 0.03888888889
1 0.5265625 0.5018518519 0.04895833333 0.02962962963
1 0.5765625 0.4009259259 0.03854166667 0.03148148148
1 0.5416666667 0.4092592593 0.03541666667 0.02222222222
5 0.6041666667 0.9527777778 0.08333333333 0.09074074074
1 0.6270833333 0.2212962963 0.0375 0.04259259259
1 0.5661458333 0.2 0.03645833333 0.02592592593
1 0.5942708333 0.3324074074 0.04479166667 0.02407407407
1 0.6755208333 0.2759259259 0.04479166667 0.04444444444
1 0.6817708333 0.3694444444 0.03020833333 0.02777777778
1 0.5901041667 0.4407407407 0.01979166667 0.02592592593
