5 0.471875 0.8925925926 0.04583333333 0.08518518519
1 0.7505208333 0.7064814815 0.065625 0.08703703704
1 0.659375 0.7537037037 0.0625 0.1259259259
3 0.5536458333 0.937037037 0.028125 0.05185185185
1 0.5890625 0.8907407407 0.084375 0.1703703704
1 0.7135416667 0.8861111111 0.08125 0.1166666667
1 0.8338541667 0.8648148148 0.02604166667 0.08148148148
1 0.8072916667 0.8916666667 0.02708333333 0.09814814815
1 0.5864583333 0.9648148148 0.06041666667 0.06666666667
1 0.5854166667 0.9064814815 0.01875 0.1388888889
1 0.7197916667 0.8083333333 0.09166666667 0.0537037037
1 0.7916666667 0.8259259259 0.03125 0.07407407407
1 0.6895833333 0.9722222222 0.05 0.05185185185
1 0.8322916667 0.737037037 0.07083333333 0.05925925926
