1 0.4765625 0.2805555556 0.065625 0.03518518519
1 0.4296875 0.3194444444 0.05729166667 0.03148148148
1 0.4442708333 0.4157407407 0.06354166667 0.03518518519
1 0.4786458333 0.4314814815 0.06979166667 0.04444444444
1 0.4760416667 0.4324074074 0.07291666667 0.0462962963
1 0.4994791667 0.3027777778 0.06979166667 0.02777777778
1 0.4447916667 0.362037037 0.06458333333 0.05740740741
1 0.4348958333 0.5027777778 0.04270833333 0.02777777778
1 0.5489583333 0.5324074074 0.04375 0.03148148148
1 0.4557291667 0.4694444444 0.04479166667 0.02777777778
5 0.6041666667 0.9527777778 0.08333333333 0.09074074074
1 0.6510416667 0.2666666667 0.05416666667 0.03703703704
1 0.546875 0.2388888889 0.05625 0.02592592593
1 0.5432291667 0.4083333333 0.06354166667 0.03518518519
1 0.6505208333 0.3203703704 0.04479166667 0.04444444444
1 0.615625 0.3935185185 0.03958333333 0.03888888889
1 0.4770833333 0.5027777778 0.05416666667 0.05740740741
1 0.6109375 0.3398148148 0.028125 0.03518518519
1 0.5614583333 0.462962963 0.06041666667 0.03333333333
